7.18162 -119.061 2089.22
8.20736 -297.167 2069.84
11.8682 -440.142 2062.14
38.1236 -653.303 2099.66
62.9142 -617.839 2076.19
175.592 -619.846 1987.27
378.344 -604.143 1798.43
548.198 -591.012 1639.6
632.182 -638.935 1638.72
669.791 -611.39 1540.73
659.518 -616.65 1555.79
5.85421 -617.881 2112.41
-101.945 -631.347 2187.5
-332.388 -621.8 2351.08
-547.069 -615.376 2448.57
-613.233 -629.043 2527.79
-698.149 -631.294 2592.29
-636.333 -634.722 2531.14
93.2374 -115.187 2058.17
84.7845 286.021 2033.96
83.4578 655.664 2138.76
55.5213 791.374 2011.5
-70.4187 -122.555 2117.22
-73.961 276.501 2162.15
-61.0058 658.687 2229.3
-140.092 758.26 2111.87
40.8154 -735.243 2102.46
-65.5411 -763.278 1984.39
-30.0787 -804.917 1997.35
86.9341 -811.871 2047.02
-71.368 -792.17 2027.18
-37.6975 -784.381 2154.13

-6.24115 -118.959 2093.33
-8.15702 -297.286 2073.88
-5.8606 -440.574 2068.23
10.2946 -656.514 2095.94
36.3486 -621.3 2073.35
149.389 -620.39 1984.56
357.857 -607.556 1801.28
526.617 -597.461 1640.62
614.758 -637.279 1636.02
645.677 -627.896 1532.29
634.281 -621.945 1553.92
-19.838 -620.06 2111.04
-122.361 -630.824 2193.87
-345.616 -618.903 2367.59
-559.701 -608.754 2466.81
-627.799 -606.932 2545.73
-716.61 -615.019 2604.49
-647.372 -644.411 2559.02
79.3001 -116.29 2060.44
75.0998 285.871 2043.12
76.0659 659.708 2133.97
56.2007 792.461 2001.8
-83.3774 -121.366 2123
-80.2204 278.834 2162.14
-58.3855 661.702 2225.98
-143.259 761.441 2112.45
8.83059 -738.637 2095.17
-90.265 -796.804 1981.57
-49.9666 -831.216 2000.53
65.8902 -815.629 2051.37
-93.3188 -819.955 2028.06
-63.9502 -790.031 2152.96

-16.4557 -115.203 2085.9
-17.0885 -295.628 2072.17
-15.1946 -440.177 2066.84
2.612 -657.309 2098.85
28.2894 -622.15 2074.85
139.164 -624.73 1981.46
342.094 -608.058 1788.85
506.518 -594.716 1621.14
595.549 -634.749 1624.2
626.199 -621.438 1519.82
613.95 -624.984 1531.37
-27.6482 -620.363 2113.92
-130.645 -628.108 2198.32
-353.084 -615.673 2377
-565.662 -605.599 2484.04
-632.477 -609.713 2565.14
-718.049 -620.848 2629.62
-649.384 -618.419 2572.15
68.6985 -112.76 2049.91
65.9106 292.117 2019.31
83.9493 662.848 2132.52
53.0229 786.704 1991.78
-93.243 -117.405 2118.36
-88.6986 285.268 2166.82
-65.4778 669.972 2239.15
-140.775 759.687 2109.37
1.49257 -740.147 2099.77
-98.0629 -788.125 1979.98
-60.4595 -826.091 1999.15
55.3353 -819.928 2054.7
-104.284 -812.79 2025.88
-77.125 -788.922 2153.75

-20.6056 -114.676 2078.77
-21.9043 -296.341 2068.92
-22.8828 -441.58 2061.16
-2.08137 -658.757 2098.86
22.3677 -623.998 2072.54
128.855 -627.277 1973.03
325.436 -611.239 1771.74
490.466 -597.773 1602.84
575.871 -646.225 1603.96
604.887 -619.394 1501.1
593.963 -616.121 1507.28
-32.0232 -621.338 2114.3
-132.669 -624.758 2202.88
-358.402 -606.942 2379.45
-568.524 -597.251 2494.02
-634.711 -605.046 2576.1
-721.614 -622.243 2638.42
-652.252 -629.339 2586.24
61.5519 -112.904 2035.26
57.9337 293.825 2000.13
86.1942 672.026 2091.77
42.4131 780.026 1940.38
-94.6907 -116.273 2118.01
-88.9692 288.563 2166.91
-63.195 675.548 2237.83
-143.936 748.235 2099.65
-2.61417 -741.989 2102.26
-113.337 -764.109 1983.5
-76.2802 -806.526 1992.76
43.9704 -814.85 2039.49
-117.584 -796.483 2024.95
-80.0487 -796.863 2153.18

-28.5518 -113.237 2074.44
-27.0806 -296.3 2065.71
-27.9118 -442.425 2054.97
-5.63657 -662.057 2086.75
18.0797 -626.365 2060.31
121.307 -627.738 1955.86
318.414 -608.309 1752.48
476.453 -593.395 1574.79
562.927 -640.595 1583.73
581.604 -615.586 1477.2
579.021 -611.232 1479.15
-35.2698 -624.797 2104.25
-135.251 -627.623 2195.07
-352.538 -608.513 2385.05
-561.058 -598.006 2505.99
-623.73 -611.577 2591.04
-701.921 -637.834 2662.47
-632.677 -606.84 2596.97
54.1295 -110.478 2030.5
50.6327 298.251 1985.02
82.7099 686.853 2034.45
-14.4071 756.269 1883.49
-103.109 -115.724 2114.06
-89.9711 291.515 2166.59
-57.1379 679.985 2242.51
-145.021 748.147 2104.73
-6.03549 -745.963 2088.1
-133.189 -778.482 1987.98
-93.4034 -819.555 1994.01
33.5854 -821.825 2022.81
-130.088 -808.579 2031.67
-73.5897 -800.045 2153.54

-29.7957 -111.063 2065.04
-30.3841 -294.612 2061.09
-36.8821 -440.693 2048.42
-12.3479 -659.971 2083.5
10.2697 -624.617 2055.53
109.873 -632.243 1947.53
295.892 -607.845 1733.82
439.573 -590.057 1544.07
523.496 -641.138 1556.99
544.243 -624.482 1449.02
551.006 -651.892 1469.36
-41.5733 -622.453 2101.39
-139.106 -627.641 2195.07
-355.416 -615.62 2387.49
-551.342 -609.333 2528.89
-613.003 -622.724 2614.92
-687.149 -642.44 2692.77
-627.787 -627.453 2620.55
49.5083 -110.239 2014.89
40.1823 298.767 1966.4
64.8473 690.784 1993.43
-51.5883 754.879 1853.78
-101.308 -111.806 2110.26
-97.299 296.952 2157.8
-63.1217 686.244 2232.49
-163.02 747.064 2099.14
-12.279 -743.982 2086.43
-122.644 -772.762 1966.7
-84.0687 -814.185 1977.37
37.2069 -817.76 2025.31
-126.206 -804.415 2009.36
-89.0519 -800.233 2138.91

-38.0685 -114.402 2036.99
-33.9919 -300 2036
-41.9473 -447.102 2017.99
-13.9273 -666.992 2061.58
7.59593 -632.272 2031.04
100.473 -631.695 1914.85
275.186 -599.922 1688.68
410.484 -575.728 1490.29
492.188 -632.791 1479.88
517.989 -617.094 1371.57
508.344 -664.019 1417.08
-43.1436 -628.56 2079.16
-138.519 -625.276 2177.24
-347.428 -611.615 2382.22
-534.315 -602.498 2539.46
-586.359 -637.387 2627.29
-642.133 -667.611 2717.79
-608.603 -630.262 2632.07
41.4865 -112.378 1985.33
15.141 298.913 1924.63
40.972 696.17 1920.16
-128.368 757.659 1845.69
-109.807 -116.227 2083.58
-115.008 293.565 2155.75
-78.8114 676.066 2275.06
-160.522 735.839 2127.01
-13.0026 -751.745 2068.01
-118.567 -767.623 1939.32
-79.3163 -809.99 1946.85
41.088 -817.783 2000.17
-123.492 -804.595 1978.14
-91.8564 -815.549 2110.3

-38.1045 -111.137 2007.43
-35.5668 -296.089 2003.05
-39.1492 -443.359 1989.71
-12.931 -662.575 2033.89
9.89718 -627.853 2004.61
117.124 -641.389 1903.13
355.445 -639.549 1743.97
460.337 -636.229 1527.53
488.954 -646.729 1432.43
470.789 -574.932 1348.33
457.282 -597.247 1384.36
-42.9343 -624.371 2050.08
-136.879 -621.455 2148.91
-331.226 -612.324 2366.67
-507.005 -605.032 2535.13
-560.937 -634.061 2623.51
-615.583 -658.3 2716.03
-574.844 -611.853 2626.39
44.0724 -108.903 1960.69
13.5467 301.876 1908.69
37.4874 697.935 1910.32
-136.514 761.775 1852.05
-112.207 -113.152 2049.57
-112.888 291.221 2141.69
-81.533 668.855 2272.76
-160.101 737.215 2127.47
-12.1573 -747.058 2040.12
-126.057 -762.116 1919.41
-85.9202 -803.873 1923.28
37.6756 -810.791 1967.56
-127.67 -799.741 1957.63
-86.6363 -812.602 2086.52

-34.7453 -114.22 1984.08
-33.715 -298.312 1968.77
-35.5284 -445.085 1952.5
-7.90634 -664.861 1990.86
14.113 -629.469 1961.9
125.183 -650.655 1866.38
358.99 -663.584 1701.94
445.293 -663.03 1477.82
446.734 -638.541 1381.18
443.421 -591.408 1279.76
415.956 -628.394 1339.83
-37.532 -627.174 2008.63
-129.395 -628.605 2109.14
-305.804 -612.712 2340.72
-479.544 -601.403 2510.52
-526.521 -631.552 2602.22
-578.048 -613.479 2697.68
-551.581 -610.869 2619.99
44.3814 -109.513 1932.79
6.07803 301.364 1893.48
31.5731 696.231 1912.79
-141.388 764.391 1857.41
-106.097 -118.466 2030.33
-122.473 286.633 2114.53
-79.7956 657.176 2259.92
-159.729 736.709 2121.58
-6.83402 -749.331 1995.09
-137.744 -763.951 1893.44
-97.1854 -805.238 1890.39
31.64 -811.377 1914.83
-133.077 -802.064 1930.8
-72.5155 -816.248 2051.36

-25.2339 -113.049 1940.36
-28.8563 -294.805 1919.76
-31.3768 -440.161 1903.69
-1.92819 -658.364 1936.7
16.9377 -623.223 1906.11
111.299 -639.227 1795.07
323.038 -647.675 1606.9
395.114 -651.455 1380.27
390.49 -626.876 1284.74
384.193 -585.06 1182.31
369.641 -604.3 1248.39
-28.8635 -620.976 1957.69
-108.665 -620.17 2066.4
-268.736 -602.24 2306.06
-432.656 -592.548 2482.27
-475.631 -623.757 2574.38
-529.357 -629.093 2668.98
-480.981 -603.657 2591.34
42.9394 -107.184 1876.63
-7.19782 300.021 1861.86
32.4701 688.037 1904.42
-132.89 768.481 1848.8
-86.7088 -118.338 1997.83
-112.426 282.3 2081.57
-51.8925 643.571 2233.29
-154.427 739.04 2125.51
-1.13611 -742.063 1940.07
-142.885 -764.52 1859.09
-101.883 -803.966 1851.51
27.9765 -804.538 1857.63
-131.584 -800.881 1896.04
-54.969 -808.911 2006.12

-15.1596 -116.79 1924.92
-21.1956 -299.175 1902.5
-20.9324 -445.571 1889.35
5.36617 -665.878 1918.2
24.0257 -630.451 1887.41
114.184 -653.502 1773.2
320.105 -675.048 1577.66
350.985 -660.934 1341.06
337.92 -638.315 1245.32
325.156 -560.391 1166.81
312.501 -605.588 1212.78
-20.2644 -628.131 1940.73
-97.0374 -627.367 2052.41
-243.997 -609.258 2301.96
-392.567 -596.278 2492.61
-425.035 -615.119 2592.65
-475.707 -605.059 2689.15
-442.48 -607.68 2606.73
49.3936 -110.567 1856.92
-17.9645 296.392 1849.17
26.9414 684.6 1901.53
-140.049 775.175 1867.12
-73.3701 -122.401 1986.24
-118.051 278.666 2069.87
-64.8822 642.431 2223.5
-160.145 747.71 2116.76
4.60656 -750.033 1920.28
-141.848 -764.825 1844.41
-102.28 -805.307 1833.32
28.2797 -810.023 1833.66
-130.064 -803.255 1879.44
-48.6829 -818.375 1986.12

-8.9462 -123.402 1914.41
-15.0775 -300.807 1882.41
-12.8508 -443.468 1861.54
0.7797 -662.537 1860.14
17.2989 -625.293 1831.93
101.01 -648.297 1716.38
281.035 -676.513 1504.6
292.057 -668.928 1270.49
267.154 -619.924 1190.14
263.566 -553.061 1103.82
332.975 -584.744 1171.89
-18.3824 -627.278 1889.83
-78.0001 -643.513 2007.56
-190.3 -612.027 2267.24
-322.182 -584.754 2462.82
-358.573 -602.038 2559.59
-402.637 -615.934 2656.52
-370.174 -620.518 2572.3
42.3496 -111.527 1838.74
-16.7789 288.858 1834.98
29.4058 669.668 1884.72
-125.013 777.666 1865.62
-55.2019 -134.11 1982.65
-108.459 260.464 2052.94
-45.0893 620.587 2191.08
-155.289 740.542 2129.17
-5.67742 -744.516 1852.5
-164.987 -767.395 1830.36
-130.315 -808.428 1812.57
-8.71152 -813.835 1772.44
-141.798 -800.504 1863.56
-32.3317 -802.467 1938.12

4.10711 -128.538 1899.13
0.134197 -306.529 1870.81
-0.685973 -449.02 1849.22
6.51977 -668.276 1850.48
19.7199 -632.054 1819.39
77.5717 -654.647 1688.97
226.589 -644.817 1453.03
203.373 -629.651 1220.31
204.98 -583.199 1134.83
276.816 -510.686 1096.06
308.068 -599.193 1170.57
-7.06896 -631.973 1881.89
-53.3262 -656.265 2004.07
-161.822 -606.218 2262.29
-286.306 -557.454 2458.38
-283.405 -615.959 2545.24
-329.497 -643.249 2638.24
-277.678 -614.183 2556.03
42.3485 -116.199 1816.22
-21.162 283.304 1813.98
21.8107 662.372 1876.6
-126.579 779.794 1871.4
-30.3769 -139.665 1973.9
-85.1961 252.06 2056.57
-27.6193 621.61 2169.44
-152.273 734.831 2124.99
-3.25264 -750.093 1845.61
-162.762 -769.18 1822.01
-128.398 -806.945 1797.69
-7.32872 -806.098 1755.85
-139.288 -807.035 1849.38
-29.0596 -820.597 1921.45

8.29297 -130.424 1892.27
5.77695 -302.47 1853.39
5.70438 -440.107 1822.65
8.44354 -654.639 1815.47
16.5987 -618.299 1784.46
55.9163 -653.962 1653.46
194.512 -662.121 1418.11
137.575 -615.636 1200.88
129.532 -597.097 1107.83
153.468 -563.702 1009.21
138.403 -580.973 1070.65
1.429 -620.07 1849.22
-19.0292 -654.326 1972.98
59.1883 -615.792 2237.39
-160.948 -590.4 2306.88
-177.687 -625.543 2401.72
-221.871 -584.914 2487.9
-182.571 -614.314 2419.87
25.0894 -111.128 1805.82
-16.0749 282.436 1816.07
28.0774 654.883 1865.56
-110.911 776.756 1877.47
-6.85308 -147.824 1970.23
-14.406 234.168 2072.11
18.7406 602.704 2168.15
-127.434 689.885 2177
-3.44801 -734.326 1809.78
-155.654 -776.306 1792.01
-117.357 -813.596 1777.66
1.2915 -808.463 1737.56
-129.297 -802.953 1826.83
-22.571 -786.252 1898.34

9.7275 -131.741 1889.34
7.87283 -304.709 1849.71
9.48333 -443.111 1818.58
17.8798 -658.746 1810.44
24.1028 -621.885 1779.14
55.1574 -648.121 1642.88
137.956 -626.62 1381.66
10.5717 -569.159 1198.09
52.6085 -580.115 1112.73
133.709 -571.826 1042.68
109.266 -569.176 1103.21
10.9497 -624.279 1844.73
-4.03763 -658.682 1970.04
85.9797 -616.449 2231.87
-133.26 -593.1 2309.14
-155.622 -624.73 2404.72
-206.988 -590.868 2490.6
-178.136 -600.905 2425.25
25.7664 -111.971 1802.29
-19.0964 283.509 1814.66
26.5087 657.751 1866.56
-114.676 777.82 1885.91
-4.73548 -149.569 1967.84
-2.21606 235.962 2065.76
37.2164 607.166 2158.2
-108.998 695.989 2169.42
7.92825 -739.189 1804.78
-149.289 -764.541 1818.47
-118.355 -806.69 1799.33
-9.13628 -816.586 1737.09
-119.432 -792.792 1849.43
0.939332 -785.436 1898.84

14.078 -128.02 1889.02
13.2843 -302.022 1845.74
17.9108 -440.974 1810.83
40.8358 -655.819 1780.38
37.2699 -615.84 1751.82
46.0345 -621.763 1608.54
90.2933 -564.103 1340.48
-51.6147 -526.265 1159.46
-13.8015 -543.779 1072.12
81.8669 -512.461 1031.37
64.616 -544.44 1116.39
38.9205 -624.557 1818.87
35.2379 -655.429 1947.34
69.4411 -578.089 2217.4
-123.955 -537.623 2346.56
-142.669 -618.389 2409.68
-221.634 -595.799 2477.86
-178.968 -607.6 2438.83
8.14849 -105.923 1800.28
-28.4154 293.891 1826.72
26.5563 672.066 1869.39
-128.01 776.287 1895.81
19.4248 -147.946 1969.04
24.4442 250.78 1918.72
70.9572 632.353 1861.94
-74.5346 718.235 1900.21
35.9472 -737.008 1769.22
-120.143 -750.662 1808.35
-93.3722 -797.662 1792.9
6.62246 -824.628 1718.69
-86.8446 -775.128 1839.92
40.78 -766.304 1871.13

17.6936 -122.641 1895.96
17.6875 -298.922 1865.57
22.9125 -439.635 1840.61
42.8421 -656.356 1836.1
38.0605 -620.281 1803.07
39.4633 -637.032 1660.73
55.1698 -564.762 1393.7
-80.0267 -496.69 1217.15
-45.3769 -514.111 1128.74
39.3049 -510.351 1061.26
23.3631 -523.21 1138.89
43.1194 -620.615 1870.35
60.3802 -646.437 1998.5
71.558 -552.495 2264.5
-117.376 -494.272 2392.45
-139.514 -587.458 2432.87
-238.32 -603.506 2469.21
-177.848 -600.601 2434.04
5.59776 -107.248 1806.65
-32.1026 291.671 1830.39
26.1352 669.347 1863.98
-125.476 775.101 1897.34
28.601 -136.522 1976.48
22.2472 260.805 1922.96
76.873 638.898 1857.13
-72.1935 716.635 1897.16
36.8901 -738.04 1835.42
-120.886 -753.42 1864.21
-99.1905 -784.884 1823.11
-0.167698 -774.454 1744.1
-92.119 -795.471 1873.96
33.9089 -822.045 1899.82

19.483 -120.034 1905.45
19.6283 -294.744 1874.92
27.8954 -433.978 1849.43
56.8735 -647.333 1834.52
50.3018 -610.287 1803.56
51.0603 -613.775 1661.49
57.075 -499.214 1411.87
-95.0799 -417.892 1258.9
-83.752 -426.109 1164.2
-25.9764 -416.441 1074.16
-27.403 -460.007 1167
55.9202 -613.576 1870.14
74.4821 -639.273 1996.98
107.843 -558.393 2262.87
-73.1607 -503.717 2399.86
-130.001 -584.452 2429.44
-226.408 -599.332 2469.85
-168.917 -585.001 2425.95
6.9357 -104.591 1817.01
-30.6597 290.82 1842.05
30.1166 664.825 1875.08
-119.708 773.746 1894.41
30.7974 -133.96 1985.19
26.4487 260.163 1933.26
79.7366 635.581 1870.44
-67.6053 718.332 1898.78
54.4686 -728.379 1830.01
-102.329 -747.98 1853.43
-78.0252 -780.814 1815.65
22.8291 -771.566 1740.65
-72.6999 -787.815 1866.88
51.9919 -807.514 1898.96

26.7145 -118.97 1903.46
25.8365 -290.54 1866.86
29.5944 -427.4 1836.44
55.3276 -637.336 1807.43
48.1784 -598.768 1779.42
44.2133 -593.535 1639
60.0208 -545.493 1372.01
-1.14616 -513.925 1154.58
-67.358 -563.211 1108.18
22.0741 -573.748 1051.78
-18.9641 -570.431 1024.94
55.9944 -606.236 1844.71
72.1747 -631.86 1970.42
84.8904 -575.296 2241.16
-51.211 -532.701 2422.83
-133.451 -591.643 2435.36
-232.725 -599.419 2466.85
-166.881 -583.312 2425.3
3.4947 -100.788 1818.79
-23.9119 290.924 1846.74
27.7801 662.686 1872.5
-115.818 776.532 1891.33
47.6529 -135.366 1979.81
45.221 254.328 1927.18
75.5893 627.961 1863.84
-63.9099 717.579 1898.99
51.8841 -717.033 1798.01
-91.0901 -740.506 1861.06
-71.7887 -779.55 1827.41
7.91205 -782.401 1731.6
-55.0034 -773.288 1875.6
73.7051 -775.878 1880.75

29.2173 -114.675 1911.91
34.5769 -286.721 1881.26
36.8404 -424.414 1857.34
68.5274 -634.512 1846.28
60.0424 -598.852 1815.23
56.168 -613.012 1675.91
77.184 -552.045 1412.89
3.45046 -516.212 1200.89
-45.0794 -595.755 1185.96
-9.93552 -545.232 1099.79
-27.9557 -549.003 1074.24
68.5436 -600.421 1880.62
83.9303 -620.434 2007
89.8497 -544.077 2272.1
-55.4619 -502.49 2445.69
-115.893 -584.142 2443.47
-217.157 -596.037 2464.39
-159.966 -577.824 2425.64
3.94985 -100.407 1827.4
-24.1215 290.365 1848.11
27.6991 661.199 1867.58
-115.133 774.43 1889.57
52.002 -127.54 1988.12
52.4384 259.651 1927.52
78.5748 630.726 1855.58
-64.8269 707.844 1900.54
67.4074 -714.519 1843.8
-85.2734 -752.787 1839.06
-51.0482 -782.63 1808.29
58.6039 -762.538 1753.45
-54.5385 -787.75 1859.15
61.7302 -790.768 1913.55

28.2129 -123.277 1922.04
34.1489 -298.689 1894.72
37.6971 -439.007 1873.19
71.5602 -652.465 1869.58
64.4285 -617.173 1836.64
66.173 -627.869 1694.72
37.6004 -564.488 1428.52
-33.8117 -532.373 1211.27
-38.3243 -598.354 1141.86
-102.18 -520.566 1103.84
-15.9426 -573.377 1096.49
69.5508 -616.888 1903.44
71.4487 -633.056 2033.36
46.0707 -530.959 2293.22
-94.048 -471.628 2470.79
-149.91 -558.405 2473.09
-238.656 -612.943 2491.31
-158.364 -569.897 2427.48
4.65583 -110.562 1835.29
-23.0669 286.704 1852.11
29.7649 663.552 1869.41
-119.471 772.473 1895
49.4554 -134.742 2000.26
53.2867 257.883 1934.22
82.8763 633.856 1857.13
-63.2698 709.607 1905.64
70.9843 -733.793 1869.26
-84.8586 -768.909 1860.55
-48.8956 -810.078 1849.71
69.2945 -816.671 1805.91
-58.6899 -792.902 1897.87
51.8303 -773.958 1964.53

29.5541 -124.73 1927.61
35.1071 -301.065 1901.69
37.0878 -442.189 1881.64
70.6467 -656.559 1879.08
62.0778 -621.512 1845.94
57.3958 -626.889 1703.24
16.6444 -572.617 1435.5
-50.7096 -536.961 1216.57
-29.7253 -611.055 1158.84
-87.9372 -553.487 1088.4
-64.9424 -574.347 1084.23
70.1694 -620.439 1912.71
83.1105 -633.277 2042.88
45.3138 -533.588 2303.33
-92.9239 -468.069 2481.4
-154.425 -551.473 2481.83
-238.859 -614.41 2495.22
-156.698 -561.71 2429.83
5.06894 -112.719 1840.66
-25.4685 285.963 1855.72
29.4826 664.072 1871.44
-119.017 776.009 1893.31
51.6335 -135.562 2006.03
53.1018 258.324 1938.1
81.5663 635.423 1858.66
-65.4875 710.709 1907.5
69.9622 -738.199 1879.76
-82.235 -788.607 1889.24
-44.6038 -824.761 1869.08
66.2487 -814.873 1808.51
-48.6062 -813.19 1919.89
68.9407 -788.988 1972.29

28.6387 -128.893 1929.56
34.5527 -306.146 1904.89
38.3231 -447.914 1885.41
65.5617 -664.103 1884.28
59.1228 -628.752 1850.68
59.5864 -631.782 1707.24
1.06487 -588.151 1439.66
-61.7578 -554.126 1218.11
-41.4548 -618.945 1149.36
-96.1952 -551.56 1084.36
-96.9187 -567.177 1081.64
65.0714 -627.749 1917.96
67.2914 -635.065 2049.73
21.4404 -528.872 2307.57
-110.926 -453.026 2487.29
-171.585 -537.169 2495.59
-238.193 -618.925 2511.17
-167.951 -548.725 2432.38
5.30323 -117.458 1841.81
-23.9198 282.896 1859.35
29.9383 662.821 1873.91
-119.141 776.032 1891.58
49.6812 -139.205 2008.69
52.5054 256.723 1942.88
81.3671 636.199 1867.12
-69.2815 711.223 1907.16
62.3731 -746.024 1885.06
-98.1789 -760.217 1890.74
-69.7037 -801.462 1865.36
41.612 -810.179 1804.36
-71.5446 -795.861 1917.51
48.2083 -806.84 1970.72

27.722 -130.608 1934.47
34.9956 -308.042 1905.51
39.6227 -449.984 1882.66
75.6626 -665.956 1882.69
68.1191 -630.847 1848.72
67.6276 -636.142 1704.65
-16.5537 -601.129 1441.28
-86.8348 -571.7 1220.12
-75.19 -637.728 1149.86
-120.808 -557.296 1092.19
-123.85 -580.261 1082.48
73.3691 -629.349 1916.37
65.1932 -635.468 2048.61
3.81073 -524.977 2302.91
-127.747 -444.261 2482.6
-182.492 -531.74 2499.46
-236.804 -621.288 2521.94
-179.862 -546.46 2432.08
4.54831 -117.198 1846.5
-26.024 285.062 1862.88
30.2653 666.564 1876.25
-121.102 778.13 1894.65
48.6187 -142.7 2013.8
51.4515 254.986 1946.7
81.1649 635.974 1869.21
-68.9726 714.341 1908.39
75.7428 -748.333 1883.79
-85.5762 -750.484 1899.13
-61.9868 -792.317 1869.46
44.9026 -805.767 1800.61
-60.2177 -789.875 1922.1
61.8355 -813.472 1966.91

29.8304 -130.903 1934.36
35.8953 -308.398 1907.25
38.5834 -450.45 1886.22
64.1217 -667.571 1884.35
57.045 -632.043 1850.82
52.9291 -641.647 1707.25
-30.1679 -596.137 1445.6
-99.7589 -557.921 1225.94
-87.8756 -634.144 1167.19
-126.893 -551.866 1107.63
-130.63 -570.65 1089.43
64.8312 -631.102 1918.14
68.1028 -639.517 2050.26
6.85745 -527.535 2303.45
-124.816 -444.937 2481.72
-181.167 -531.272 2498.2
-236.72 -619.987 2520.17
-179.789 -545.752 2431.95
3.25597 -118.522 1847.34
-25.3078 283.351 1861.6
30.6439 664.397 1872.14
-121.04 774.358 1894.28
53.7937 -142.067 2012.82
53.857 254.98 1945.55
81.3708 635.236 1866.65
-69.6696 711.26 1905.81
60.2818 -749.736 1885.22
-86.0246 -780.379 1947.18
-65.1851 -817.955 1910.7
17.1377 -813.688 1813.22
-48.4687 -813.957 1960.46
83.3257 -814.166 1966.63

29.4061 -133.123 1943.45
35.962 -311.085 1918.57
39.0769 -453.503 1899.29
65.1719 -670.734 1902.6
59.1209 -635.869 1868.13
60.6151 -647.529 1724.53
-6.09433 -593.128 1459.64
-77.046 -548.507 1241.42
-83.0291 -623.419 1180.01
-119.863 -549.477 1109.04
-126.1 -568.659 1108.87
64.6836 -633.565 1935.69
53.8135 -641.659 2067.54
-10.8406 -521.594 2316.42
-149.645 -430.531 2485.18
-201.014 -518.352 2509.02
-233.374 -617.075 2534.82
-195.073 -536.541 2433.8
3.66645 -121.839 1855.95
-25.4205 280.469 1866.32
29.3859 662.103 1873.34
-119.258 776.971 1892.36
52.6166 -143.298 2022.35
51.9212 253.219 1950.04
78.0936 632.99 1866.78
-72.096 711.188 1905.6
61.4862 -752.947 1904.98
-90.1143 -807.261 1922.22
-54.6576 -839.117 1892.05
49.8359 -817.087 1821.89
-53.0818 -836.329 1944.64
70.5312 -819.181 1987.82

25.8247 -139.918 1945.48
25.2547 -319.248 1925.35
25.0742 -462.606 1909.19
61.8005 -679.087 1905.74
56.1341 -643.013 1872.21
68.0026 -659.849 1729.09
98.6263 -521.269 1488.28
-71.4304 -533.792 1327.15
-74.1934 -577.737 1240.27
-100.318 -551.763 1137.37
-117.49 -551.426 1189.72
57.4211 -643.265 1940.27
42.1066 -658.319 2071.54
24.6369 -513.577 2316.21
-169.241 -443.922 2434.53
-197.868 -531.424 2484.75
-230.911 -614.964 2543.66
-210.09 -561.309 2435.7
3.1287 -129.876 1856.65
-26.6105 273.851 1866.36
27.6019 656.952 1874.13
-117.045 774.213 1909.27
46.2908 -148.974 2025.58
45.7768 248.688 1951.51
71.792 629.396 1865.97
-72.5029 714.222 1914.74
62.0627 -761.706 1904.71
-93.5585 -783.688 1863.27
-57.3427 -825.313 1850.58
68.3032 -832.377 1825.96
-74.9992 -816.431 1899.63
24.3771 -818.01 1987.3

22.5725 -135.577 1942.75
28.847 -313.739 1922.61
31.1694 -456.351 1907.52
60.7843 -672.65 1905.94
52.8184 -637.388 1872.44
48.0509 -649.87 1729.3
-79.0288 -609.877 1485.43
-184.384 -576.141 1280.09
-204.172 -626.143 1199.57
-231.93 -628.031 1094.53
-219.922 -582.726 1144.18
61.0256 -636.149 1939.6
52.2477 -636.701 2071.56
-31.6703 -512.697 2311.88
-185.742 -429.91 2470.6
-218.192 -522.057 2507.03
-231.555 -620.37 2546.57
-211.908 -549.5 2437.61
-10.0665 -127.088 1857.48
-23.954 275.091 1868.9
28.8876 656.18 1871.43
-116.047 771.089 1907.21
52.0045 -143.232 2019.64
54.004 253.303 1952.71
82.3201 632.715 1872.69
-67.4536 712.311 1908.4
58.5192 -754.757 1907.01
-95.7948 -774.351 1863.25
-60.4369 -816.755 1852.3
64.753 -826.938 1830.49
-78.7444 -806.428 1900.5
18.2846 -808.014 1989.62

19.9204 -135.906 1943.98
26.6147 -314.446 1924.06
26.368 -457.487 1910.11
57.1916 -674.073 1910.71
49.3668 -639.073 1876.75
46.2269 -652.316 1733.35
-90.6311 -619.741 1493.04
-204.686 -592.243 1290.91
-216.898 -636.255 1205.3
-258.433 -612.605 1107.47
-244.446 -597.246 1156.13
56.8986 -637.206 1944.12
49.1319 -637.285 2076.41
-44.9696 -512.643 2313.29
-196.752 -427.85 2473.87
-228.005 -519.727 2512.56
-230.044 -619.234 2551.91
-219.966 -546.937 2438.14
-10.9234 -127.453 1857.84
-31.1073 275.326 1867.6
27.1818 656.419 1869.28
-114.425 772.725 1914.63
47.7336 -143.527 2021.65
51.6352 253.82 1954.69
82.6947 633.84 1874.71
-68.5197 712.489 1908.09
55.3415 -756.347 1912.47
-100.761 -764.817 1870.3
-68.5373 -809.641 1858.75
55.6283 -828.545 1835.43
-85.5736 -798.271 1907.29
12.2782 -807.158 1995.47

22.5437 -141.517 1943.3
30.0259 -322.212 1925.91
32.6406 -466.882 1913.23
62.5022 -685.855 1919.74
53.5351 -651.543 1884.61
44.8477 -667.427 1740.16
-101.44 -632.544 1502.3
-223.324 -603.145 1302.12
-226.277 -642.289 1212.26
-282.001 -625.982 1118.78
-245.645 -602.409 1168.07
63.6786 -647.534 1952.27
77.9193 -643.679 2085.39
40.9691 -512.817 2337.84
-119.765 -439.912 2499.27
-189.258 -516.269 2521.39
-234.635 -610.905 2547.54
-210.438 -529.191 2444.35
-9.46536 -134.48 1856.42
-31.9872 272.403 1868.79
28.6908 657.273 1870.65
-115.944 774.756 1911.59
51.4077 -147.862 2021.64
52.8917 253.79 1954.34
81.3087 638.315 1874.63
-72.4866 713.625 1913.18
60.2098 -768.888 1924.27
-95.7128 -743.629 1881.5
-70.9132 -791.259 1862.38
50.1327 -827.17 1835.45
-87.1197 -785.181 1912.74
6.74765 -825.136 1998.74

22.7566 -139.361 1947.66
30.1219 -319.568 1930.39
33.0648 -463.826 1917.68
64.3342 -682.08 1918.46
53.4743 -647.261 1884.59
39.6694 -675.915 1742.94
-28.6009 -597.435 1482.28
-205.067 -540.953 1336.84
-209.804 -592.402 1253.82
-261.751 -616.481 1160.2
-242.769 -591.224 1211.87
66.9065 -644.484 1951.54
105.177 -652.462 2079.25
209.973 -561.983 2329.45
137.119 -535.25 2555
38.7742 -571.617 2545.37
-64.582 -602.236 2549.18
11.8274 -540.237 2508.4
-9.87162 -132.415 1861.28
-31.9132 273.388 1872.88
29.0455 657.126 1874.17
-116.599 774.915 1907.5
52.1789 -145.625 2025.56
53.5299 254.851 1958.05
81.6661 638.272 1878.28
-72.5739 714.589 1910.32
62.7321 -764.968 1921.48
-98.7506 -750.522 1902.89
-74.3921 -797.548 1882.24
42.6651 -828.129 1838.22
-82.9064 -789.737 1934.06
25.1602 -819.881 2005.6

31.2123 -136.197 1932.49
28.3816 -313.632 1919.1
22.7331 -455.585 1911.41
52.4916 -669.764 1899.45
29.4635 -635.612 1873.11
-42.1165 -654.575 1751.25
-123.897 -604.433 1492.82
-263.647 -592.363 1308.83
-263.038 -649.742 1231.8
-329.378 -619.551 1152.39
-291.304 -601.227 1178.57
67.3268 -632.838 1928.47
148.878 -661.992 2027.01
247.449 -549.348 2264.67
183.523 -503.168 2485.29
140.567 -593.918 2510.1
102.87 -521.651 2577.78
82.0217 -532.429 2413.03
-29.2423 -130.124 1864.8
-26.3539 269.025 1876.87
24.327 647.252 1871.34
-113.055 766.257 1914.77
85.7269 -141.673 1993.52
70.4652 253.424 1940.65
77.66 632.513 1870.12
-67.0921 714.754 1913.07
52.6571 -751.189 1902.56
-75.3479 -771.28 1996.92
-59.1459 -815.09 1966.33
2.13613 -830.423 1856.78
-33.9213 -799.489 2009.23
95.0696 -794.217 1988.86

29.1262 -134.83 1940.43
28.8743 -311.899 1923.17
24.5367 -453.738 1913.57
47.7265 -668.893 1907.06
24.9205 -634.847 1880.41
-49.8711 -654.751 1760.7
-135.148 -610.608 1502.4
-264.797 -588.394 1312.15
-281.15 -658.364 1248.46
-344.023 -626.694 1166.88
-307.019 -624.177 1188.22
64.4789 -631.624 1934.53
149.78 -652.696 2031.88
271.103 -530.436 2253.63
189.813 -534.965 2473.25
139.171 -622.592 2494.38
124.173 -523.932 2529.86
99.537 -563.064 2387.06
-35.6822 -128.553 1876.96
-31.4436 270.572 1884.45
20.6342 648.222 1869.17
-110.018 768.359 1927.45
87.5668 -140.49 1997.66
66.1757 255.65 1957.07
81.9369 633.01 1879.64
-63.9214 716.821 1914.91
45.6371 -750.141 1912.54
-87.0754 -773.759 1999.18
-68.1208 -816.975 1969.37
-0.27813 -830.191 1863.52
-45.7994 -801.081 2013.73
83.9572 -792.726 2000.91

28.8834 -137.003 1948.5
29.9511 -313.696 1924.48
26.8872 -455.505 1910.2
44.7278 -671.644 1902.74
20.5886 -637.077 1877.79
-66.0123 -661.969 1766.9
-148.7 -615.866 1507.42
-291.309 -585.845 1327.13
-312.232 -664.796 1276.21
-361.327 -626.958 1187.77
-336.315 -628.155 1204.43
64.4787 -634.611 1928.7
155.251 -666.529 2018.26
276.411 -527.963 2231.16
179.491 -533.98 2444.9
100.673 -587.928 2485.11
94.8239 -496.423 2538.61
73.3709 -529.611 2373.04
-42.5923 -129.81 1892.41
-31.9635 270.194 1891.76
13.3344 649.425 1872.42
-118.632 768.397 1931.52
93.3362 -143.49 1999.08
58.4792 253.887 1973.62
73.2349 627.559 1876.22
-67.0606 722.184 1908.52
41.2618 -752.999 1908.73
-70.4976 -771.044 2022.66
-60.6176 -814.962 1989.44
-18.2222 -830.536 1871.05
-28.3089 -800.49 2027.88
96.0279 -798.209 1986.83

25.6255 -128.568 1954.75
26.6872 -305.217 1938.31
27.8284 -446.394 1924.72
48.5195 -661.024 1913.83
22.5831 -626.771 1890.81
-68.1215 -660.074 1786.54
-170.616 -630.04 1533.34
-305.559 -592.123 1350.17
-324.222 -676.97 1309.89
-371.86 -638.298 1221.68
-352.055 -649.389 1234.21
69.0299 -624.137 1938.92
165.082 -654.522 2022.31
307.754 -517.947 2220.8
201.016 -539.369 2427.44
158.857 -565.786 2517.75
142.42 -564.674 2622.08
83.116 -493.272 2443.31
-50.3776 -124.439 1905.47
-38.2564 273.483 1903.46
11.4184 649.499 1873.4
-117.55 772.347 1928.01
94.1609 -132.291 1999.18
46.1496 261.835 1976.55
69.5395 635.239 1887.99
-73.9036 728.044 1901.81
46.6958 -742.07 1919.04
-56.5615 -766.796 2038.46
-46.7026 -809.528 2004.18
-10.9667 -821.422 1883.87
-13.0336 -794.136 2040.69
107.767 -785.454 1992.65

26.0744 -118.046 1970.65
29.9277 -296.675 1962.02
37.0787 -438.632 1946.28
66.1986 -649.431 1900.45
36.3253 -613.443 1885.36
-67.5298 -660.745 1798.64
-211.389 -622.964 1564.87
-348.082 -584.943 1380.61
-388.62 -672.009 1370.72
-425.262 -642.474 1273.14
-395.159 -668.466 1286.83
87.6967 -615.233 1929.07
185.898 -649.042 2010.31
326.442 -524.961 2221.39
250.616 -538.973 2443.91
200.439 -581.322 2524.5
163.219 -569.755 2623.6
123.167 -544.243 2427.25
-56.9635 -117.989 1932.4
-57.8435 283.213 1919.92
-5.45433 659.855 1869.39
-132.59 782.493 1933.26
100.953 -118.096 2005.14
59.2867 273.611 2079.99
54.9805 655.723 2014.86
-39.0321 768.192 2106.39
68.4969 -730.989 1893.3
-49.9617 -751.135 2000.63
-50.1661 -784.749 1955.69
-7.33939 -776.165 1836.32
-17.0419 -790.939 1995.85
105.895 -809.669 1953.5

25.1525 -116.471 1975.82
29.3855 -295.084 1973
37.3133 -437.152 1960.36
67.6898 -646.269 1909.08
37.3674 -610.229 1895.23
-67.6641 -645.863 1804.69
-237.771 -610.13 1589.3
-380.294 -580.234 1408.31
-429.729 -662.999 1411.07
-461.185 -638.036 1310.57
-406.108 -686.097 1348.16
89.1972 -612.629 1938.25
189.323 -644.115 2017.83
338.872 -521.872 2223.31
258.232 -527.738 2444.22
193.426 -554.466 2520.83
140.839 -546.268 2612.93
134.058 -515.493 2413.47
-58.4809 -117.876 1939.16
-75.0427 282.644 1930.21
-21.2996 657.884 1874.13
-173.827 760.77 1910.95
100.568 -115.205 2008.87
60.2228 275.825 2085.63
51.1382 660.674 2043.76
-41.6825 758.321 2151.69
70.6071 -727.516 1899.91
-45.6604 -737.864 2010.71
-49.0507 -772.54 1966.79
-9.1788 -769.617 1846.28
-15.2719 -779.591 2006.18
105.023 -806.553 1961.21

23.9987 -115.069 1982.68
27.439 -293.217 1977.96
35.3317 -434.433 1960.6
58.3089 -641.539 1900.37
26.8904 -605.123 1891.16
-90.1715 -647.021 1820.88
-266.513 -609.672 1611.75
-413.989 -578.682 1435.72
-462.969 -661.418 1439.09
-520.511 -654.094 1348.04
-440.064 -685.031 1383.25
83.1647 -608.899 1927.76
192.039 -641.671 1993.61
345.518 -524.614 2198.25
267.443 -511.624 2419.16
204.354 -538.753 2496.71
160.789 -530.003 2593.07
144.781 -481.37 2397.49
-61.175 -115.858 1950.37
-94.7345 282.209 1930.53
-75.5908 660.083 1876.13
-233.899 752.953 1912.82
100.804 -114.357 2011.81
60.8644 276.226 2085.86
55.7165 660.564 2047.62
-19.5094 761.042 2165.52
59.6645 -722.293 1888.64
-37.0178 -737.771 2015.87
-44.9385 -773.239 1973.36
-24.4304 -769.946 1848.42
-5.21638 -777.548 2007.01
107.879 -797.859 1944.31

10.527 -114.191 1994.69
19.8346 -294.423 1987.64
29.6155 -438.057 1976.62
56.8789 -653.232 1941.09
25.9353 -617.77 1925.36
-91.396 -634.218 1842.26
-282.987 -610.119 1639.84
-442.193 -590.555 1468.37
-486.6 -675.171 1449.11
-558.772 -647.852 1371.58
-498.001 -688.661 1398.36
79.9875 -617.153 1966.83
179.922 -625.212 2054.43
387.54 -537.038 2228.7
309.859 -529.31 2453.3
227.642 -565.701 2507.45
171.256 -530.294 2591.88
194.544 -507.322 2395.01
-74.0127 -117.113 1957.74
-115.268 285.542 1937.27
-132.287 670.457 1897.66
-281.165 751.909 1982.33
86.7602 -111.556 2028.01
55.8554 287.347 2089.81
55.8501 676.006 2043.59
8.63378 766.058 2185.39
58.9287 -735.86 1938.46
-61.0973 -750.275 2047.31
-61.7804 -785.882 2003.23
-18.2763 -782.405 1882.55
-28.4819 -791.127 2044.04
95.3826 -813.544 2002.23

-9.15315 -104.883 1995.56
3.8825 -285.03 1989.44
15.4576 -428.815 1981.32
47.1245 -643.03 1942.91
14.3161 -608.41 1929.11
-112.227 -633.066 1863.17
-320.044 -616.034 1676.4
-492.833 -602.318 1517.8
-546.786 -679.651 1492.84
-631.963 -664.91 1425.69
-549.37 -695.503 1449.4
70.5348 -606.382 1967.62
169.634 -617.343 2055.97
382.349 -554.825 2235.41
405.034 -538.79 2471.7
306.713 -566.118 2496.53
227.207 -551.898 2567.61
287.106 -499.895 2422.32
-95.8854 -110.096 1964.22
-139.169 292.905 1951.07
-163.045 678.386 1918.83
-287.616 761.921 2035.09
69.0571 -100.183 2023.81
56.9241 300.611 2081.42
55.7303 690.042 2039.9
8.78244 776.26 2184.28
51.4751 -725.597 1939.62
-76.7635 -737.022 2039.22
-72.0318 -776.262 1998.57
-18.4834 -780.779 1881.94
-42.1421 -776.248 2042.29
85.829 -795.58 2012.88

-22.8806 -106.67 1997.66
-10.3368 -289.57 1992.81
-0.869514 -435.863 1990.73
22.3093 -657.647 1981.69
-10.3927 -623.553 1964.18
-136.226 -644.734 1891.3
-352.355 -623.427 1708.19
-532.424 -606.172 1552.87
-600.96 -673.349 1528.62
-688.304 -656.988 1461.98
-610.081 -687.527 1484.51
48.3682 -618.266 2000.3
163.236 -621.716 2071.5
390.578 -571.094 2243.34
522.899 -532.18 2441.51
519.772 -581.873 2535.74
514.927 -507.321 2456.12
403.618 -579.961 2471
-112.174 -112.052 1969.67
-149.813 297.574 1957.61
-169.628 688.957 1924.35
-289.94 763.102 2055.17
57.6395 -101.817 2022.89
49.7235 302.892 2094.58
55.2949 696.42 2039.29
6.62795 782.743 2186.17
23.8018 -741.184 1990.08
-59.8494 -760.486 2131.2
-66.9223 -800.826 2090.79
-58.5934 -804.073 1960.78
-22.7789 -797.299 2121.25
88.8159 -807.333 2046.51

-32.7919 -109.551 2001.24
-24.0163 -294.244 1998.22
-17.3832 -441.929 1996.94
-6.47445 -666.635 1991.33
-38.0319 -630.804 1973.96
-164.7 -652.926 1900.33
-395.254 -626.483 1732.42
-587.577 -604.771 1589.8
-663.273 -667.6 1572.92
-754.746 -654.572 1509.61
-668.04 -690.226 1533.85
22.4558 -628.113 2008.6
140.644 -635.128 2076.17
366.044 -591.16 2256.29
549.09 -554.065 2412.46
561.932 -580.371 2515.87
561.698 -526.805 2419.69
449.689 -527.185 2496.59
-122.302 -113.311 1971.13
-156.585 300.17 1963.66
-173.652 695.006 1930.66
-273.09 770.3 2079.5
47.9231 -106.16 2028.39
44.0388 305.063 2080.42
55.8252 703.413 2038.22
11.7289 782.565 2192.21
-9.30445 -750.67 2001.31
-59.8951 -777.906 2157.65
-75.2486 -817.058 2117.68
-95.9287 -814.815 1987.93
-25.1151 -813.679 2137.98
68.151 -818.025 2039.36

-68.9974 -97.8951 1993.33
-61.6939 -279.542 1987.61
-56.315 -424.82 1984.71
-31.3703 -643.108 1957.91
-66.205 -608.977 1947.01
-200.407 -645.057 1903.11
-441.831 -627.601 1758.95
-642.818 -613.63 1635.17
-713.767 -681.424 1632.42
-793.436 -647.256 1564.44
-728.744 -691.127 1574.71
-4.0149 -604.773 1975.68
115.439 -618.128 2035.08
339.785 -589.633 2211.88
528.25 -565.81 2357.66
543.17 -588.486 2459.82
588.952 -530.981 2380.31
479.556 -528.385 2472.53
-158.586 -100.72 1968.69
-177.547 306.914 1961.47
-180.185 695.663 1929.69
-280.186 771.411 2073.7
11.7881 -95.3474 2015.56
35.46 307.3 2075
57.9905 699.189 2039.28
30.7583 780.124 2192.86
-27.6444 -726.27 1960.27
-93.8959 -739.742 2109.49
-119.365 -768.151 2067.06
-128.924 -752.837 1939.08
-73.7038 -784.148 2089.43
16.3756 -817.557 1996.63

-92.2075 -95.3481 1977.68
-92.0159 -276.559 1973.86
-91.7642 -421.418 1970.38
-76.3534 -638.689 1935.65
-110.838 -603.384 1929.01
-250.914 -630.825 1902.22
-506.814 -616.699 1787.6
-720.013 -605.562 1687.87
-793.164 -670.518 1687.68
-889.858 -658.416 1637.14
-812.975 -684.677 1642.03
-46.3767 -601.83 1951.74
75.5473 -615.149 2004.74
311.977 -587.477 2163.38
510.887 -564.407 2293.15
554.809 -602.416 2381.02
591.825 -538.276 2302.54
499.61 -527.653 2417.51
-182.383 -94.9957 1956.48
-194.889 311.526 1958.72
-187.941 699.153 1930.74
-279.185 782.754 2075.34
-10.8921 -95.6659 1996.81
22.2327 303.167 2066.81
54.505 693.444 2036.4
32.3941 779.114 2187.51
-75.0473 -721.668 1935.43
-110.353 -735.14 2094.25
-144.1 -762.763 2057.76
-178.575 -746.461 1934.74
-95.3357 -779.549 2070.48
-26.3296 -813.545 1961.85

-114.598 -95.4304 1965.28
-115.691 -276.897 1966.73
-115.71 -421.937 1963.25
-106.353 -640.111 1930.34
-140.454 -604.136 1924.97
-281.613 -633.259 1905.71
-546.484 -613.723 1813.64
-767.515 -598.07 1732.63
-831.854 -671.86 1735.76
-932.042 -653.743 1694.34
-850.038 -690.968 1696.17
-74.8519 -603.657 1944.52
49.5681 -626.073 1988.25
297.907 -595.148 2127.56
506.665 -569.439 2240.87
550.414 -610.226 2327.73
613.619 -548.9 2265.15
553.378 -618.206 2335.06
-205.822 -95.0154 1948.53
-206.75 312.113 1957.31
-188.724 699.93 1930.19
-269.09 784.916 2080.63
-32.3369 -95.8047 1980.39
14.0003 301.553 2054.11
53.9957 692.085 2030.65
25.9412 782.252 2178.37
-106.715 -723.2 1931.04
-126.919 -755.415 2090.01
-164.44 -778.42 2053.89
-210.314 -747.441 1937.42
-114.873 -796.776 2059.78
-56.981 -817.837 1941.59

-128.41 -95.8182 1958.4
-130.447 -278.963 1962.58
-131.348 -425.408 1960.52
-125.456 -645.593 1926.06
-159.917 -609.039 1922.95
-304.226 -633.08 1910.85
-578.051 -623.513 1836.99
-806.526 -616.33 1770.09
-879.856 -682.021 1779.32
-983.647 -650.407 1756.08
-887.436 -686.414 1714.92
-92.5748 -609.045 1938.46
35.5617 -627.435 1976.94
297.46 -596.068 2095.38
517.668 -569.981 2190.25
569.835 -613.074 2272.45
624.908 -539.631 2213.56
572.858 -619.418 2282.26
-221.204 -95.0715 1945.91
-216.745 315.663 1962.69
-189.604 705.93 1926.44
-262.541 787.18 2084.83
-44.7332 -96.4916 1969.66
6.26845 306.133 2032.37
44.5939 700.328 2004.7
3.2695 775.152 2159.69
-126.323 -729.471 1926.52
-151.743 -753.625 2087.76
-188.238 -779.082 2051.38
-230.887 -754.492 1930.86
-138.291 -796.828 2059.92
-75.8144 -823.862 1943.87

-134.262 -94.3702 1948.05
-138.373 -276.775 1951.08
-141.243 -422.612 1949
-138.882 -642.62 1918.98
-172.874 -605.877 1916.17
-315.77 -634.948 1905.48
-593.392 -614.946 1856.34
-825.512 -598.974 1810.06
-903.408 -659.189 1812.63
-1011.56 -645.237 1794.68
-918.285 -685.079 1788.57
-105.365 -606.367 1929.59
20.9255 -634.176 1966.62
293.516 -607.782 2055.72
522.168 -585.993 2126.1
562.338 -622.701 2217.12
636.24 -563.815 2163.53
590.617 -615.115 2229.09
-227.11 -92.4204 1939.48
-223.099 316.488 1960.53
-197.957 705.686 1928.45
-279.335 768.872 2090.01
-50.5377 -96.1284 1955.77
-11.8648 307.385 2010.41
18.9471 699.988 1974.51
-18.4839 748.118 2139.93
-140.669 -726.123 1921.16
-148.493 -747.538 2083.93
-188.814 -773.037 2052.28
-243.939 -749.866 1937.23
-138.594 -791.115 2055.58
-89.6191 -820.404 1934.33

-134.414 -96.7506 1946.59
-140.959 -279.269 1952.29
-145.287 -425.234 1948.48
-141.734 -645.551 1918.61
-176.189 -609.086 1916.78
-320.687 -632.096 1911.54
-600.037 -612.54 1870.46
-833.712 -597.002 1830.65
-908.782 -660.211 1840.43
-1017.23 -643.406 1826.14
-940.645 -675.879 1817.69
-108.213 -608.918 1928.19
20.5701 -632.675 1959.7
298.412 -601.043 2030.19
531.089 -575.003 2085.43
582.944 -623.61 2164.33
664.678 -553.878 2147.29
613.458 -619.049 2165.99
-227.213 -93.7364 1936.55
-222.749 315.415 1962.93
-197.634 705.531 1935.89
-270.258 781.238 2096.54
-50.7336 -99.4687 1955.65
-10.5471 306.069 1996.68
21.1634 697.438 1945.44
16.1168 782.688 2099.95
-142.662 -729.177 1920.95
-171.321 -770.647 2077.61
-197.935 -801.341 2037.17
-237.574 -778.985 1915.56
-145.924 -806.986 2048.59
-71.7177 -809.274 1936.81

-135.067 -96.7766 1940.74
-140.732 -279.183 1946.98
-144.684 -425.102 1945.52
-143.196 -643.779 1906.07
-177.738 -607.494 1908.73
-322.661 -625.779 1917.14
-603.317 -609.638 1885.99
-838.157 -596.74 1853.77
-910.131 -662.637 1867.58
-1017.96 -641.179 1855.62
-940.216 -684.935 1859.6
-109.087 -607.417 1914.33
23.265 -625.827 1930.51
301.953 -591.547 1995.42
535.2 -563.144 2046.2
590.29 -616.755 2119.36
677.251 -571.353 2072.52
612.739 -633.671 2070.08
-227.982 -94.1768 1932.38
-223.099 314.752 1957.83
-197.186 704.595 1931.44
-270.423 783.79 2089.97
-51.2824 -99.1209 1948.28
-11.9921 307.124 1979.17
20.304 696.756 1918.08
22.9491 775.168 2076.09
-143.74 -727.376 1904.89
-160.302 -772.767 2062.1
-183.95 -806.724 2022.48
-230.941 -789.777 1902.73
-131.291 -805.15 2031.87
-61.9076 -796.882 1917.41

-132.538 -93.8552 1937.6
-133.944 -275.451 1944.17
-134.557 -420.68 1940.49
-131.502 -638.966 1905.22
-166.191 -603.147 1907.72
-309.898 -625.959 1913.16
-589.997 -608.533 1891.47
-824.611 -594.507 1867.56
-888.387 -667.186 1884.01
-994.725 -644.133 1867.44
-900.344 -698.018 1865.55
-97.7997 -602.309 1912.26
33.6786 -621.408 1929.36
314.795 -583.357 1971.56
549.836 -551.837 2003.13
617.143 -622.354 2043.75
713.421 -577.439 2064.17
634.46 -620.64 2018.5
-225.262 -93.3295 1932.3
-219.568 314.31 1941.07
-204.226 703.217 1921.41
-253.192 778.573 2089.74
-48.9258 -94.3292 1942.38
-10.1854 310.977 1954.53
20.5286 702.345 1923.38
31.5935 772.941 2083.75
-131.236 -722.17 1905.58
-146.343 -781.044 2057.55
-172.177 -809.99 2015.78
-220.689 -780.117 1899.9
-119.566 -811.495 2023.89
-52.6702 -795.545 1909.52

-123.045 -92.6818 1938.97
-121.901 -274.186 1945.52
-120.435 -419.321 1941.38
-110.093 -635.051 1894.42
-146.034 -600.902 1900.09
-288.785 -625.102 1914.79
-569.578 -611.162 1904.42
-805.013 -599.826 1890.41
-876.319 -666.854 1896.13
-983.737 -643.245 1898.36
-919.464 -671.561 1878.77
-77.6411 -597.457 1902.19
55.3906 -611.806 1906.83
337.597 -577.453 1943.57
573.451 -548.9 1970.62
657.209 -611.255 1986.04
740.113 -558.614 2031.28
667.732 -615.453 1982.14
-215.709 -93.4626 1933.51
-213.405 314.039 1940.07
-200.282 702.802 1919.99
-275.498 796.072 2068.37
-39.4864 -91.9777 1943.9
-5.82148 313.737 1947.16
20.6706 705.378 1918.25
39.5073 787.649 2072.09
-106.517 -718.034 1890.33
-113.004 -779.039 2041.98
-143.271 -805.895 2001.86
-198.814 -771.523 1890.55
-90.3618 -810.049 2005.92
-31.588 -795.076 1887.12

-108.557 -93.7441 1939.29
-105.562 -275.765 1945
-102.872 -421.268 1940.16
-93.0975 -637.943 1894.53
-129.068 -603.674 1900.51
-272.098 -625.855 1919.2
-553.783 -612.665 1910.79
-789.984 -602.056 1898.01
-863.045 -667.403 1905.49
-972.329 -657.055 1916.4
-896.829 -685.496 1899.7
-60.4612 -600.172 1901.54
72.7488 -614.509 1910.21
356.458 -572.235 1929
593.389 -537.24 1940.61
669.041 -605.346 1969.63
760.557 -552.993 1994.95
680.961 -607.159 1955.83
-201.584 -95.3667 1936.35
-207.198 313.225 1944.07
-200.846 703.219 1923.36
-269.125 790.567 2079.21
-24.6698 -92.281 1941.94
1.86204 315.093 1946.61
21.1461 708.365 1919.11
40.4118 782.501 2077.53
-89.5257 -721.186 1890.99
-80.5526 -776.255 2045.26
-106.367 -809.972 2007.02
-170.392 -791.028 1896.15
-53.3784 -804.042 2009.49
-1.38261 -783.21 1888.03

-92.0979 -96.7834 1937.99
-89.0139 -279.84 1944.98
-86.1835 -426.244 1941.5
-76.4785 -646.685 1909.53
-112.641 -611.874 1913.31
-258.007 -628.283 1925.62
-541.557 -618.72 1918.75
-779.372 -611.472 1907.53
-849.033 -680.891 1917.9
-958.763 -665.881 1924.82
-900.332 -680.052 1906.83
-43.6254 -608.343 1914.18
91.1005 -616.242 1919.36
376.565 -570.176 1921.02
614.745 -532.16 1918.73
688.037 -599.545 1956.48
779.693 -547.748 1985
701.266 -601.72 1942.64
-185.647 -98.5028 1934.24
-199.986 312.257 1944.15
-201.754 704.639 1923.79
-278.454 780.544 2083.07
-7.74028 -95.2329 1941.37
9.02392 315.059 1947.96
20.1254 711.133 1922.52
32.8215 771.45 2088.45
-72.9486 -730.482 1911.29
-79.7721 -778.18 2069.12
-106.768 -811.193 2030.58
-161.567 -791.464 1914.14
-53.3958 -810.714 2036.43
8.47622 -801.88 1917.27

-82.6329 -93.9248 1925.62
-76.4524 -275.28 1931.96
-71.5128 -420.347 1930.61
-63.349 -638.593 1897.09
-98.9747 -603.993 1901.79
-240.697 -631.903 1919.2
-521.727 -622.049 1914.31
-757.472 -614.51 1904.96
-830.688 -677.62 1921.12
-939.883 -669.774 1931.54
-876.383 -680.417 1908.51
-30.5623 -600.751 1901.35
102.435 -612.878 1910.23
385.343 -567.422 1914.3
621.407 -529.821 1913.83
697.036 -585.031 1962.48
794.969 -543.598 1981.89
711.399 -588.308 1944.38
-175.379 -97.0834 1925.69
-194.754 309.709 1937.93
-203.325 698.625 1920.86
-269.309 770.452 2084.68
1.00005 -91.0765 1925.57
14.8454 315.423 1940.23
21.1626 708.386 1921.07
33.1904 761.63 2087.78
-60.1344 -721.66 1898.13
-52.852 -774.116 2052.86
-82.8479 -805.672 2016.12
-147.254 -782.562 1906.74
-29.6501 -805.145 2017.2
20.8843 -792.199 1894.48

-75.2062 -92.6523 1935.51
-69.5502 -274.157 1941.85
-65.2385 -419.301 1937.87
-52.9562 -634.381 1888.05
-89.2568 -601.042 1895.97
-230.061 -631.964 1916.36
-511.34 -622.612 1919.33
-747.418 -614.978 1916.16
-821.773 -678.658 1922.04
-930.973 -667.121 1929.36
-873.061 -671.723 1910.83
-20.9053 -596.174 1894.51
112.249 -609.924 1899.1
393.898 -559.952 1919.49
629.053 -518.177 1932.91
708.846 -583.874 1954.53
801.455 -531.718 1974.65
719.689 -584.926 1939.79
-168.005 -95.4684 1937.68
-189.414 311.649 1944.31
-200.681 700.451 1920.93
-259.062 777.484 2085.44
8.47477 -90.1129 1933.56
18.5677 316.955 1942.66
20.3164 709.873 1916.88
41.694 761.944 2083.16
-47.8953 -717.261 1882.85
-47.9473 -780.276 2033.9
-78.5764 -807.591 1994.33
-138.492 -773.624 1885.12
-25.4438 -810.144 1996.77
29.2731 -791.919 1876.44

-70.9613 -92.5163 1935.92
-65.1245 -274.074 1941.21
-60.2517 -419.187 1936.15
-48.1816 -635.479 1891.66
-84.4512 -601.776 1898.1
-225.551 -631.188 1918.82
-506.905 -622.477 1919.39
-743.009 -615.804 1914.17
-819.658 -676.686 1920.43
-927.712 -670.868 1940.56
-865.372 -672.555 1907.47
-16.0492 -597.282 1897.83
117.275 -608.782 1903.96
399.063 -559.689 1925.13
634.43 -518.999 1938.77
712.191 -583.596 1969.33
805.327 -531.954 1988.4
725.585 -582.514 1949.77
-163.768 -95.5604 1933.84
-186.415 311.474 1944.01
-195.844 700.575 1924.13
-277.779 778.048 2078.08
12.7268 -89.7714 1937.79
20.0053 317.449 1945.18
21.0081 710.503 1920.62
32.6151 770.331 2085.28
-43.4701 -718.494 1888.53
-45.6539 -773.216 2042.78
-73.8337 -803.951 2003.89
-131.643 -778.586 1891.24
-20.7376 -804.031 2008.04
36.9605 -789.936 1888.52

-66.4581 -92.6059 1932.44
-58.7293 -274.113 1934.35
-52.4762 -419.178 1930.71
-43.8397 -636.307 1889.94
-79.5648 -601.987 1896.05
-220.615 -630.905 1917.53
-502.013 -627.598 1917.38
-738.121 -625.559 1911.31
-819.944 -678.869 1920.2
-927.882 -682.18 1941.34
-864.499 -670.628 1907.01
-11.1272 -598.486 1895.2
121.933 -608.8 1906.37
403.576 -557.125 1921.44
638.713 -514.193 1930.22
714.364 -579.998 1963.3
811.459 -533.821 1975.09
727.068 -580.962 1942.61
-159.22 -96.5702 1931.07
-184.302 310.178 1942.7
-196.727 699.21 1925.23
-269.452 773.264 2085.31
17.189 -89.0311 1933.67
22.7279 318.042 1944.21
20.7991 711.129 1921.96
32.292 776.18 2084.58
-40.3394 -719.402 1888.22
-38.7601 -774.584 2042.27
-67.7366 -805.281 2003.97
-128.217 -779.764 1892.8
-14.572 -805.207 2006.87
40.2674 -790.573 1886.12

-62.3719 -93.5037 1931.8
-54.8752 -275.115 1936.56
-48.7237 -420.309 1933.25
-40.4467 -636.876 1888.63
-76.1418 -602.73 1896.08
-216.768 -632.82 1919.45
-498.386 -629.375 1920.87
-734.703 -627.049 1915.67
-813.188 -684.358 1929.35
-919.841 -673.985 1954.76
-858.11 -684.175 1924.26
-7.69073 -599.031 1893.84
125.553 -612.962 1897.94
407.024 -561.077 1918.79
642.038 -517.988 1933.42
721.729 -582.063 1960.06
817.174 -535.893 1981.89
735.858 -576.763 1936.64
-155.199 -97.3895 1929.73
-181.297 309.558 1943.46
-194.468 698.895 1926.33
-268.594 778.328 2083.34
21.3341 -89.9996 1933.66
23.7431 317.415 1944.86
19.6546 710.751 1921.72
39.073 770.141 2085.9
-36.7894 -719.988 1885.45
-38.5092 -765.006 2042.9
-64.8342 -799.362 2005.74
-122.311 -783.703 1891.09
-11.8131 -796.811 2010.41
46.742 -787.666 1890.74

-59.5373 -94.9719 1929.27
-48.7472 -275.991 1932.5
-40.2257 -420.617 1926.64
-30.3435 -637.085 1884.71
-66.2012 -603.241 1891.91
-206.831 -631.235 1915.56
-487.706 -629.844 1921.07
-723.487 -629.305 1919.15
-804.846 -678.964 1941.46
-910.562 -675.577 1971.12
-837.055 -694.006 1931.64
2.03117 -598.999 1889.28
135.541 -605.582 1891.73
416.663 -553.404 1905.37
651.315 -510.001 1913.59
724.9 -581.129 1938.8
814.443 -522.845 1954.41
739.724 -575.67 1913.18
-152.064 -100.468 1930.36
-178.43 305.492 1942.1
-193.249 693.66 1922.36
-276.138 775.355 2073.11
23.8984 -90.016 1928.29
24.2883 316.374 1939.58
18.6318 708.816 1918.6
31.4791 770.956 2081.93
-26.0026 -719.986 1882.52
-40.1948 -763.335 2039.38
-63.8045 -797.764 2000.72
-112.018 -782.828 1882.13
-11.4135 -795.579 2009.41
56.0945 -788.073 1894.83

-52.7138 -100.676 1923.74
-42.0053 -283.771 1928.32
-33.5814 -430.113 1923.24
-16.792 -651.381 1898.64
-54.0981 -617.85 1903.6
-197.944 -638.665 1925.65
-482.009 -633.932 1932.25
-720.503 -630.79 1932.1
-799.324 -685.792 1955.93
-907.33 -672.023 1978.13
-837.701 -697.929 1959.64
14.7099 -611.573 1899.67
149.682 -614.619 1891.71
432.783 -553.925 1895.33
668.997 -503.521 1896.64
739.238 -577.374 1927.95
837.096 -531.7 1944.29
751.249 -580.116 1911
-146.313 -106.114 1925.18
-178.732 303.761 1946.18
-194.36 696.192 1922.61
-275.993 776.604 2077.48
31.6887 -95.7719 1922.43
29.3202 314.989 1942.28
19.2929 711.767 1918.99
37.7513 768.112 2086.03
-9.64687 -734.956 1903.19
-35.0668 -779.973 2060.14
-60.9755 -811.244 2019.35
-102.935 -788.643 1898
-8.44979 -814.99 2030.2
64.8898 -812.696 1917.2

-33.3191 -89.3886 1929.1
-24.3022 -270.24 1931.34
-17.1682 -414.564 1922.48
-5.83091 -629.39 1874.67
-41.8112 -596.337 1884.07
-180.7 -627.187 1912.58
-459.3 -627.497 1945.17
-693.768 -628.095 1966.38
-778.127 -675.43 1980.39
-882.722 -671.969 2013.22
-816.091 -683.835 1982.46
26.1017 -591.007 1879.01
159.259 -598.914 1873.92
440.055 -545.653 1872.44
674.27 -501.294 1868.83
749.368 -569.846 1895.96
843.829 -517.943 1898.36
760.842 -570.089 1872.45
-125.757 -93.9907 1929.63
-166.974 309.969 1945.27
-192.616 696.526 1918.19
-276.225 773.223 2070.79
50.036 -85.2387 1928.62
36.3749 320.273 1940.67
14.1643 711.09 1912.81
46.2519 767.557 2075.26
-0.411204 -712.006 1870.18
-13.9712 -750.218 2028.17
-23.0507 -791.843 1990.58
-63.5323 -797.598 1868.57
25.369 -773.648 2002.45
96.7079 -751.578 1892.4

-28.8037 -92.6416 1927.43
-20.1694 -275.149 1929.67
-13.7328 -420.911 1922.49
2.95068 -638.756 1881.14
-34.0718 -606.193 1890.58
-173.443 -635.547 1924.51
-453.141 -631.754 1967.67
-688.71 -628.482 1998.12
-775.054 -670.165 2021.23
-862.913 -694.933 2083.81
-812.187 -654.616 2015.26
34.0826 -598.962 1883.27
168.467 -605.789 1877.19
449.316 -542.264 1861.18
683.436 -489.311 1845.29
755.207 -566.095 1860.44
852.521 -517.594 1863.77
765.132 -562.655 1833.11
-121.97 -96.9908 1932.2
-166.098 310.185 1951.8
-194.824 699.914 1922.81
-258.364 769.188 2090.09
55.2085 -88.7198 1923.13
41.8981 320.038 1945.53
15.6091 714.148 1917.44
41.0037 764.605 2084.69
10.8381 -722.026 1879.2
0.385223 -769.555 2036.42
-26.2798 -802.073 1997.46
-78.4461 -781.568 1880.34
26.8312 -802.364 2004.29
90.8857 -794.396 1886.64

-15.9909 -93.7107 1926.91
-4.29173 -276.59 1929.95
4.3291 -422.586 1921.03
27.4105 -642.199 1889.7
-10.5798 -610.32 1898.41
-151.598 -637.718 1928.91
-429.172 -636.528 1988.45
-663.224 -636.175 2033.09
-744.44 -687.337 2057.01
-836.788 -702.366 2116.74
-787.768 -671.18 2054.03
57.3401 -601.25 1889.24
191.135 -605.47 1870.97
469.814 -535.497 1837.59
702.14 -477.32 1808.27
765.79 -561.555 1822.35
864.533 -515.159 1823.9
776.583 -559.58 1796.34
-109.292 -99.581 1932.82
-161.954 307.226 1962.43
-192.358 696.95 1921.49
-284.596 779.823 2068.67
68.1429 -88.4172 1921.58
49.9282 321.056 1949.48
14.8748 715.413 1917.76
37.1532 803.816 2069.56
38.0311 -725.421 1891.58
53.6235 -764.591 2051.18
20.6614 -798.884 2018.87
-50.312 -783.879 1910.71
74.3315 -799.478 2016.85
118.189 -798.511 1889.6

-7.86106 -93.9671 1931.66
6.09535 -277.239 1935.15
16.1194 -423.463 1924.31
39.0425 -642.645 1885.83
1.11591 -611.099 1896.66
-138.637 -639.541 1933.52
-411.892 -643.788 2013.5
-642.695 -647.673 2075.42
-721.139 -700.484 2105.47
-808.253 -709.113 2174.27
-764.262 -683.033 2093.36
68.8937 -601.446 1885.63
202.538 -603.469 1863.3
480.285 -532.188 1819.06
711.652 -473.021 1779.78
778.618 -556.103 1784.95
872.074 -503.535 1763.03
783.864 -556.031 1757.97
-101.249 -100.934 1939.28
-159.742 305.758 1976.05
-194.248 695.219 1925.5
-284.981 781.855 2072.22
76.3512 -87.685 1924.79
52.2582 323.094 1946.84
14.0073 718.67 1919.1
37.7625 805.52 2072.19
50.0345 -726.093 1884.97
68.2251 -747.517 2048.15
35.8861 -786.101 2020.01
-36.6688 -784.772 1911.39
89.6938 -785.414 2017.41
132.503 -796.929 1889.89

7.3147 -94.1052 1925.43
24.2293 -277.258 1920.79
36.5732 -423.436 1910.05
60.3758 -642.811 1872.11
22.8072 -611.762 1885.52
-112.388 -646.161 1933.2
-376.457 -647.597 2040.37
-600.202 -648.99 2124.94
-674.289 -705.851 2158.7
-766.338 -718.028 2220.32
-708.501 -716.403 2142.57
89.414 -601.084 1869.2
221.156 -601.497 1836.97
496.833 -530.446 1779.73
726.114 -471.477 1728.49
788.896 -555.21 1750.4
852.379 -480.542 1701.49
790.341 -549.97 1695.46
-85.0619 -103.02 1940.59
-152.396 300.429 1996.74
-194.032 686.894 1928.93
-266.037 772.659 2086.37
90.6147 -86.0662 1911.76
59.5075 324.578 1934.02
14.5431 720.263 1914.22
39.6079 769.921 2083.05
72.7564 -726.136 1871.26
100.682 -737.412 2034.22
66.3992 -777.379 2010.57
-12.6644 -782.136 1906.55
119.999 -777.44 2004.69
154.945 -797.468 1875.71

12.991 -93.9293 1931.64
31.6234 -279.148 1927.64
44.9791 -426.774 1914
67.7248 -649.364 1878.26
30.0019 -617.613 1891.89
-108.324 -645.571 1940.3
-367.383 -654.654 2066.73
-587.191 -662.435 2167.82
-663.776 -720.448 2197.3
-727.107 -734.222 2289.59
-703.247 -716.746 2190.64
97.2335 -607.297 1874.38
230.928 -605.401 1843.38
500.26 -527.529 1755.33
724.027 -462.983 1678.84
787.683 -541.244 1717.98
864.583 -472.13 1678.02
798.268 -542.219 1668.97
-80.7231 -103.646 1945.03
-146.521 299.798 2031.49
-194.947 686.316 1943.73
-212.924 758.909 2124.38
97.4972 -85.1678 1919.56
60.8478 330.3 1935.03
14.6042 730.542 1913.04
40.4705 754.19 2089.48
79.9177 -733.742 1878.36
121.482 -742.51 2040.6
87.1169 -784.819 2019.59
-0.507524 -794.409 1920.92
140.665 -782.205 2009.42
166.731 -801.635 1876.6

14.5668 -94.1934 1927.42
33.325 -278.868 1925.22
46.0022 -425.888 1909.41
72.9492 -647.757 1876.52
34.8907 -616.734 1890.32
-104.698 -640.437 1935.92
-343.793 -646.428 2095.54
-546.378 -651.507 2226.61
-611.259 -727.816 2224.01
-662.395 -739.736 2323.43
-658.211 -708.957 2216.24
101.366 -605.245 1871.55
234.307 -599.662 1839.59
498.938 -523.576 1739.48
718.627 -460.545 1652.92
786.678 -535.579 1690.04
859.363 -475.113 1632.82
789.126 -538.879 1632.9
-78.6251 -103.838 1942.39
-138.564 296.837 2039.31
-190.398 688.354 1989.15
-195.128 773.31 2164.53
98.602 -85.4962 1913.92
60.6877 328.597 1929.48
15.0311 728.043 1915.36
49.106 759.107 2088.68
86.9576 -731.586 1877.6
125.754 -751.719 2038.99
91.2785 -791.921 2014.75
5.34489 -793.651 1914.69
144.847 -789.389 2005.6
172.643 -800.209 1872.57

14.9275 -99.1123 1929.37
34.372 -284.521 1928.06
47.4157 -431.938 1910.4
72.0154 -655.286 1879.08
34.1897 -623.626 1892.88
-108.765 -652.262 1925.42
-314.532 -636.081 2127.38
-487.293 -622.509 2296.83
-568.432 -664.627 2254.78
-645.306 -726.887 2309.23
-601.335 -692.99 2246.99
100.964 -612.932 1873.58
233.162 -604.06 1837.1
489.004 -522.908 1716.55
701.221 -455.856 1613.07
774.353 -530.798 1640.89
841.665 -462.295 1585.26
774.137 -529.43 1583.41
-78.849 -109.044 1943.02
-135.563 290.869 2051.94
-185.981 687.375 2042.64
-191.62 756.779 2225.61
99.4898 -90.1565 1917.07
60.4174 325.719 1929.5
14.5614 726.798 1913.4
43.2098 765.806 2086.89
85.2245 -739.602 1880.79
124.213 -736.327 2044.08
90.561 -780.445 2025.58
4.57766 -798.002 1926.34
144.311 -777.992 2016.1
172.803 -806.607 1885.27

11.5463 -100.791 1929.34
30.1472 -283.833 1929.61
41.6289 -429.321 1911.29
56.6957 -650.481 1879.83
21.4212 -618.027 1895.87
-113.506 -642.954 1949.79
-312.813 -645.811 2153.46
-482.347 -648.311 2322.17
-557.035 -675.319 2262.56
-636.927 -741.619 2303.04
-488.609 -724.473 2211.52
86.1189 -609.628 1872.2
215.608 -604.179 1832.25
459.692 -525.501 1696.05
661.709 -460.571 1579.25
737.961 -531.865 1602.38
797.083 -456.744 1548.92
742.281 -525.706 1545.36
-80.571 -110.128 1945.76
-131.206 281.819 2065.18
-180.939 672.778 2084.04
-183.074 745.466 2263.03
94.6124 -92.3718 1914.54
57.9257 318.237 1926.18
14.32 714.324 1912.6
57.3283 759.079 2079.17
67.1809 -734.058 1880.99
121.594 -722.898 2037.12
82.6905 -763.98 2025.68
-12.7395 -779.602 1937.7
134.529 -767.793 2011.35
146.838 -808.306 1883.04

8.23756 -105.349 1939.95
23.9515 -288.944 1939.6
32.5877 -434.663 1919.8
41.9181 -656.899 1891.4
8.22264 -623.496 1909.06
-123.955 -638.019 1973.23
-316.441 -655.093 2183.28
-480.631 -669.467 2357.13
-560.012 -653.803 2299.29
-599.186 -728.681 2372.19
-505.414 -700.779 2228.83
71.5383 -616.658 1881.21
198.57 -610.983 1833.45
431.004 -528.219 1679.5
622.952 -460.03 1547.76
694.44 -534.681 1575.76
757.719 -468.404 1515.46
702.272 -532.551 1519.2
-83.8457 -113.265 1958.04
-130.849 279.03 2079.97
-174.47 671.737 2085.75
-180.367 751.211 2262.07
91.2731 -98.211 1923.63
56.5098 313.316 1929.96
14.7221 710.006 1911.29
47.1392 767.031 2076.79
51.0531 -740.749 1893.42
113.401 -735.414 2047.14
72.534 -774.93 2036.63
-27.6751 -785.118 1952.98
123.535 -780.105 2019.66
128.225 -817.754 1889.76

-2.61851 -107.167 1959.15
6.92634 -291.332 1958.4
10.5118 -437.404 1938.76
20.3732 -660.63 1917.88
-12.8637 -626.796 1935.7
-144.379 -638.39 2002.07
-324.252 -660.378 2222.88
-467.627 -678.874 2414.14
-551.068 -653.524 2366.16
-595.746 -729.51 2434.75
-531.589 -671.154 2294.7
49.2808 -620.566 1905.07
172.314 -615.232 1847.51
395.025 -534.298 1678.51
579.266 -467.518 1535.19
656.857 -540.239 1548.5
725.895 -477.461 1490.66
657.882 -537.3 1499.17
-94.7506 -112.021 1978.43
-128.119 284.21 2093.03
-173.32 676.959 2082.48
-171.326 760.136 2257.35
80.461 -102.79 1941.77
51.4134 309.553 1939.35
14.3418 706.543 1912.19
62.0838 766.887 2072.89
30.2194 -744.364 1922.51
104.608 -749.408 2070.93
65.3576 -790.402 2059.69
-40.6959 -799.272 1983.24
115.048 -790.584 2038.44
111.251 -815.483 1905.37

-26.2071 -106.881 1974.76
-20.2578 -291.674 1970.24
-18.559 -438.691 1954.62
-11.7529 -662.538 1932.27
-44.8258 -628.225 1949.89
-179.228 -643.371 2010.45
-446.624 -587.028 2096.42
-557.572 -542.061 2304.93
-571.58 -637.134 2331.94
-580.376 -712.623 2414.23
-528.598 -675.165 2297.24
18.027 -622.72 1920.12
140.64 -619.512 1860.61
355.14 -545.74 1676.9
533.08 -484.873 1522.26
625.064 -535.64 1544.93
682.17 -470.727 1476.75
619.723 -539.981 1488.02
-117.792 -110.395 1997.88
-138.488 290.013 2105.01
-173.927 684.576 2085.74
-168.368 763.689 2263.02
56.3788 -103.711 1953.91
41.4267 310.544 1948.41
15.3042 709.121 1915.41
60.6358 778.389 2073.75
-3.21886 -746.684 1936.46
55.6688 -750.501 2092.24
18.3937 -792.282 2077.02
-79.2982 -802.986 1989.77
70.1595 -791.599 2060.97
80.6005 -816.591 1927.88

-49.544 -101.556 1995.29
-47.225 -284.858 1985.99
-47.9903 -430.453 1967.69
-51.0556 -652.195 1940.95
-81.9101 -617.209 1960.11
-206.795 -635.883 2035.52
-469.936 -563.44 2115.17
-419.671 -552.398 2348.18
-419.766 -649.807 2366.26
-344.416 -653.457 2447.91
-358.901 -629.833 2261.89
-20.2729 -613.663 1928.77
100.078 -617.283 1867.05
310.792 -545.223 1681.76
485.244 -486.028 1525.38
572.282 -545.711 1540.91
628.909 -479.627 1474.83
567.687 -543.915 1483.8
-140.762 -103.815 2017.08
-147.429 295 2119.8
-172.04 686.191 2083.57
-159.945 765.653 2258.76
32.711 -99.5181 1975.63
30.3015 311.518 1957.52
16.1236 706.549 1913.07
67.6688 779.134 2066.44
-45.9098 -736.05 1943.21
67.4305 -728.152 2063.31
30.5678 -772.367 2064.87
-91.132 -793.055 2022.76
71.7245 -769.714 2030.33
32.4329 -801.078 1905.26

-81.66 -104.653 2001.41
-75.5938 -286.075 1991.19
-73.128 -430.325 1973.52
-73.441 -646.007 1924.21
-105.24 -613.496 1944.87
-236.713 -638.531 2002.41
-482.598 -557.053 2112.9
-427.024 -558.595 2342.64
-365.427 -634.909 2339.24
-296.55 -594.828 2415.23
-342.588 -614.974 2255.22
-42.5052 -606.815 1917.98
80.7105 -617.428 1866.34
281.592 -543.948 1675.07
447.619 -483.92 1513.44
529.589 -546.434 1536.61
571.851 -477.846 1464.33
520.551 -552.451 1481.47
-171.773 -108.921 2023.67
-163.853 286.397 2124.2
-174.068 673.86 2081.91
-146.908 763.784 2248.12
-0.400811 -100.805 1981.33
16.861 305.879 1961.44
21.7035 697.19 1915.74
61.1585 778.454 2066.38
-68.0378 -728.852 1918.09
48.9693 -724.051 2032.55
13.9623 -769.083 2033.02
-107.566 -791.245 1995.21
53.1049 -763.105 1997.37
9.86015 -788.31 1873.59

-95.5791 -104.207 2006.79
-92.5277 -286.167 2001.12
-92.3751 -430.998 1986.59
-96.8275 -647.887 1941.51
-126.796 -614.906 1964.23
-243.009 -631.837 2050.79
-506.262 -551.732 2112.59
-426.912 -564.533 2335.23
-351.081 -624.361 2317.12
-286.161 -576.186 2392.13
-340.255 -590.279 2235.18
-66.5127 -608.801 1931.9
52.7941 -614.516 1870.69
250.328 -541.786 1675.07
413.335 -482.369 1509.68
485.587 -558.497 1523.1
526.464 -486.659 1452.98
491.991 -552.49 1464.88
-186.296 -106.372 2027.42
-176.512 287.542 2135.41
-174.112 674.936 2086.62
-163.971 784.262 2243.14
-13.7762 -102.255 1988.2
7.79922 304.584 1964.06
15.8495 696.175 1916.34
95.1911 772.846 2053.34
-91.9259 -730.959 1936.51
30.5836 -716.391 2044.55
-2.4127 -762.835 2048.7
-124.799 -791.644 2018.2
34.6316 -756.777 2010.78
-13.7581 -789.094 1890.39

-109.465 -102.162 2018.88
-106.095 -282.298 2004.27
-104.583 -425.895 1988.14
-106.375 -641.841 1946.31
-136.319 -609.238 1968.82
-253.951 -629.286 2050.91
-513.147 -555.116 2126.46
-426.452 -567.414 2344.54
-348.974 -622.619 2322.9
-271.054 -585.676 2390.35
-341.511 -573.956 2239.96
-76.9833 -602.73 1935.86
36.9619 -615.691 1868.02
229.413 -547.388 1668.81
389.288 -490.89 1501.84
467.641 -560.475 1509.18
509.894 -496.478 1433.69
452.877 -561.698 1455.22
-198.77 -105.729 2042.26
-176.969 288.281 2136.09
-175.445 673.052 2089.02
-135.159 780.588 2240.15
-28.934 -98.9458 1997.8
-15.2849 304.278 1960.47
-29.1057 688.481 1885.36
71.6805 778.228 1996.19
-100.347 -724.292 1942.38
16.6487 -728.547 2055.52
-21.7994 -770.222 2056.5
-144.273 -782.258 2019.72
17.267 -767.825 2020.81
-28.4187 -790.028 1898.16

-116.709 -105.352 2015.44
-116.003 -286.51 1995.11
-114.185 -431.797 1983.8
-114.235 -651.313 1951.77
-144.582 -617.69 1973.15
-266.205 -633.683 2052.45
-522.907 -550.742 2135.86
-429.491 -570.726 2352.75
-365.257 -642.045 2331.1
-365.723 -551.351 2394.07
-345.446 -568.308 2244.4
-85.0426 -612.133 1939.2
26.0138 -630.171 1865.72
209.859 -556.077 1657.18
362.632 -494.712 1482.56
441.946 -564.102 1493.42
478.731 -490.876 1422.26
445.301 -553.395 1429.59
-207.053 -108.241 2038.04
-183.492 288.893 2133.25
-184.401 675.211 2073.31
-115.046 778.455 2218.82
-35.2423 -102.747 1995.07
-35.2482 304.055 1956.5
-66.2702 687.971 1868.67
24.6378 775.793 1991.31
-107.4 -734.501 1951.62
19.4162 -739.234 2055.81
-22.4095 -777.395 2063.89
-149.283 -781.704 2038.12
13.7408 -781.667 2024.79
-44.6866 -810.651 1907.87

-121.544 -104.925 2003.36
-120.618 -287.676 1990.03
-121.106 -433.182 1973.08
-118.727 -654.673 1947.4
-148.814 -620.746 1969.27
-268.823 -620.375 2053.86
-514.104 -533.651 2167.32
-436.942 -586.923 2386.31
-371.753 -656.221 2359.3
-423.004 -569.559 2405.99
-358.462 -578.195 2278.22
-90.6879 -615.217 1932.28
16.4256 -624.64 1850.53
191.728 -552.149 1632.24
336.768 -492.531 1448.93
418.031 -559 1466.76
451.457 -494.877 1385.09
401.557 -568.392 1414.17
-213.478 -106.687 2021.13
-190.302 289.81 2127.54
-188.714 661.611 2000.33
-103.851 787.188 2118.87
-38.6429 -103.336 1987.34
-53.4459 304.541 1941.26
-82.5976 693.101 1864.73
-2.29391 791.696 1987.9
-110.396 -738.135 1949.39
24.8761 -740.795 2043.9
-19.9257 -772.299 2061.37
-149.055 -766.035 2045.88
12.0898 -786.916 2020.82
-59.6626 -827.405 1914.41

-132.162 -109.653 1982.06
-123.365 -289.373 1959.37
-115.335 -433.473 1945.51
-113.767 -653.848 1933.66
-141.812 -619.013 1955.63
-262.767 -621.571 2036.14
-509.278 -542.526 2145.22
-368.358 -580.917 2330.3
-290.917 -612.865 2279.67
-356.805 -561.188 2350.76
-315.989 -559.405 2209.78
-87.6303 -615.78 1913.99
10.6382 -632.54 1824.91
169.463 -557.71 1598.85
301.744 -495.455 1410.08
382.475 -562.051 1422.58
392.16 -474.165 1360.62
392.021 -543.782 1355.83
-222.323 -116.636 2002.41
-179.843 280.871 2078.59
-173.425 619.879 1888.06
-89.108 752.682 1995.4
-50.861 -103.357 1963.71
-65.1717 302.322 1941.78
-112.12 685.273 1866.87
-5.99917 795.914 1951.71
-104.865 -736.161 1940.05
38.4772 -743.76 2018.01
-7.4993 -761.474 2046.47
-133.49 -734.654 2042.64
15.5573 -790.033 2008.03
-74.9039 -837.791 1922.73

-135.681 -118.91 1974.26
-122.72 -297.572 1948.25
-111.348 -440.755 1930.65
-112.441 -660.921 1923.85
-138.271 -625.403 1947.18
-247.75 -618.897 2042.09
-452.275 -550.672 2221.33
-355.458 -588.701 2432.41
-276.444 -636.574 2400.63
-284.138 -564.555 2482.93
-255.103 -567.346 2335.71
-87.7665 -623.629 1901.26
2.88228 -633.109 1803.81
151.183 -552.111 1573.47
286.89 -475.778 1393.06
345.24 -561.471 1375.24
370.735 -469.683 1324.87
338.814 -540.456 1317.71
-223.653 -129.181 2000.98
-180.2 273.74 2028.32
-180.561 631.986 1878.84
-94.3597 763.382 1985.76
-56.3527 -109.647 1950.16
-74.1047 295.102 1928.04
-127.429 677.495 1858.73
-6.3447 793.617 1908.09
-103.692 -742.992 1931.38
41.4033 -738.593 2005.6
-2.7129 -757.288 2036.08
-129.831 -737.759 2034.3
20.9493 -786.428 1998.6
-68.5105 -843.375 1918.44

-136.155 -122.383 1967.6
-118.718 -298.257 1938.84
-103.414 -439.124 1918.48
-108.277 -656.791 1909.57
-130.997 -621.596 1935.36
-230.987 -620.227 2038.25
-411.063 -572.715 2243.78
-359.808 -588.084 2470.34
-267.422 -614.156 2459.12
-200.646 -571.509 2533.17
-255.147 -597.721 2392.62
-85.5827 -619.964 1885.39
-5.5526 -633.677 1781.32
137.935 -547.614 1553.57
258.319 -475.453 1364.18
320.942 -557.311 1349.81
362.432 -484.106 1284.36
309.023 -541.398 1294.16
-216.974 -136.997 2007.97
-185.142 261.223 1964.9
-177.209 634.164 1873.73
-87.1353 740.177 2000.24
-63.2768 -109.204 1931.19
-72.8283 291.88 1919.27
-135.295 670.408 1861.04
-14.4498 790.964 1889.14
-100.122 -738.171 1915.29
48.4697 -745.299 1977.59
6.11219 -762.222 2010.38
-117.941 -735.245 2018.9
24.8158 -791.009 1970.69
-72.7386 -838.855 1896.62

-130.535 -123.329 1959.4
-113.912 -298.105 1927.26
-103.316 -437.223 1897.36
-96.975 -654.294 1893.47
-120.269 -619.83 1919.43
-219.619 -624.125 2022.21
-395.709 -567.795 2227.76
-292.012 -560.969 2435.23
-209.398 -605.229 2412.95
-178.063 -564.28 2507.96
-193.679 -568.375 2348.43
-77.4666 -617.051 1867.54
-2.4543 -621.07 1759.53
130.349 -540.257 1524.62
241.02 -472.905 1328.59
313.587 -546.822 1323.19
346.432 -472.158 1255.1
296.981 -540.585 1270.29
-207.146 -139.24 2006.29
-180.819 256.633 1951.54
-170.11 629.213 1864.51
-77.3291 740.133 1983.73
-61.4507 -108.982 1917.11
-74.1096 290.811 1909.01
-140.872 668.394 1858.23
-18.7848 788.876 1875.92
-84.2776 -734.711 1900.56
61.7656 -759.106 1963.17
17.7451 -772.137 1995.23
-102.385 -732.383 2003.79
33.5063 -801.707 1955.07
-67.7255 -836.94 1879.62

-119.341 -120.387 1957.69
-107.85 -293.335 1917.11
-95.3657 -432.376 1889.44
-90.7169 -648.606 1877.09
-112.509 -615.123 1905.3
-200.103 -639.664 2015.17
-378.587 -556.828 2208.34
-247.384 -528.362 2396.85
-161.196 -553.463 2362.59
-170.128 -550.773 2470.01
-145.308 -485.975 2326.16
-72.202 -610.603 1851.79
-1.95213 -628.346 1742.38
125.789 -544.652 1506.55
247.554 -468.296 1321.44
307.827 -550.506 1303.79
338.219 -465.055 1248.96
296.832 -552.142 1275.07
-194.218 -136.858 2006.68
-177.005 257.311 1944.2
-168.92 629.424 1859.29
-77.3321 736.809 1981.86
-51.8218 -105.535 1913.51
-69.441 293.038 1906.04
-142.481 668.815 1858.28
-16.0216 783.763 1877.62
-78.2967 -729.089 1880.54
63.2524 -755.25 1951.17
17.5059 -770.148 1979.53
-103.053 -731.937 1982.08
36.1355 -797.523 1939.22
-59.31 -829.773 1855.9

-115.901 -121.869 1952.39
-106.151 -293.862 1908.56
-94.6773 -432.307 1878.63
-87.421 -648.394 1871.87
-109.088 -614.507 1899.57
-194.328 -634.071 2011.99
-369.241 -570.803 2215
-252.182 -541.147 2412.03
-160.437 -549.141 2385.12
-169.995 -513.564 2486.28
-128.376 -487.85 2365.79
-69.9119 -610.897 1845.27
-1.95708 -622.18 1733.81
124.088 -539.096 1497.34
241.869 -463.687 1309.71
301.211 -545.923 1290.03
318.466 -457.787 1234.05
274.327 -534.634 1243.02
-189.775 -138.821 2002.48
-175.077 255.042 1941.16
-169.649 626.824 1857.11
-76.9884 735.041 1977.7
-49.2851 -106.584 1907.22
-70.7416 291.224 1900.13
-143.544 667.155 1858.11
-15.4465 780.171 1875.74
-73.898 -728.477 1877.18
68.7643 -745.435 1947.84
23.9115 -761.148 1977.02
-98.0342 -728.276 1978.76
43.5369 -789.252 1937.8
-50.6001 -828.997 1856.55

-113.249 -122.052 1951.2
-103.279 -294.069 1906.95
-92.1135 -432.427 1875.98
-86.2365 -648.612 1866.15
-107.549 -614.955 1894.47
-191.113 -633.229 2008.5
-357.403 -560.214 2215.73
-206.656 -539.779 2389.94
-121.013 -539.72 2346.52
-168.491 -487.961 2428.23
-92.7751 -467.078 2333.01
-68.6337 -610.823 1839.96
-1.49323 -621.225 1727.79
121.725 -537.345 1489.86
236.977 -461.307 1300.68
301.541 -540.522 1285.04
314.317 -454.648 1224.38
282.138 -541.126 1248.58
-187.096 -139.243 2001.38
-173.571 255.656 1944.56
-170.562 627.835 1860.76
-77.9033 741.054 1976.92
-46.6585 -106.551 1905.95
-68.9845 291.52 1898.52
-143.745 667.298 1855.76
-14.8953 780.766 1863.67
-73.1714 -728.906 1870.27
71.5893 -749.705 1935.74
27.432 -765.056 1966.23
-93.8202 -729.901 1972.69
45.1681 -792.906 1925.88
-52.5272 -829.579 1847.27

-108.718 -123.413 1950.9
-95.583 -295.284 1905.98
-78.764 -433.898 1878
-76.6433 -650.388 1867.23
-96.1841 -616.477 1896.61
-174.981 -631.304 2014.69
-343.24 -565.88 2223.34
-218.405 -545.28 2417.3
-127.243 -514.742 2417.99
-206.531 -480.265 2482.52
-121.24 -473.623 2356.14
-59.6216 -612.722 1840.36
2.2652 -616.726 1724.62
116.948 -534.614 1481.43
235.263 -457.527 1294.21
292.357 -541.054 1272.3
314.467 -451.614 1219.79
266.314 -526.065 1224.41
-179.72 -142.84 2004.47
-170.551 251.345 1938.85
-170.58 623.83 1854.11
-75.9585 737.57 1968.55
-44.692 -105.896 1902.59
-68.4023 292.646 1897.17
-146.952 668.612 1858.55
-14.8022 778.807 1855.38
-64.6258 -730.99 1870.51
78.8315 -749.911 1939.82
34.0586 -766.049 1969.11
-87.9907 -732.675 1972.48
53.2942 -793.518 1929.1
-41.8526 -831.391 1847.7

-106.121 -123.531 1944.22
-93.7106 -294.713 1897.86
-77.8055 -432.678 1867.63
-73.8241 -648.847 1859.77
-92.4015 -614.789 1889.45
-164.385 -634.797 2010.74
-310.292 -563.943 2233.28
-190.914 -543.205 2430.1
-97.9441 -536.667 2407.26
-179.103 -500.877 2468.31
-112.504 -468.681 2342.58
-58.4211 -611.469 1831.73
-1.45259 -619.06 1713.95
107.089 -532.974 1469.95
216.199 -455.761 1277.82
279.205 -535.422 1258.86
298.637 -453.005 1195.36
251.138 -526.61 1212.21
-174.42 -143.762 2000.63
-167.74 250.18 1938.04
-171.758 621.892 1853.33
-71.8273 735.539 1962.65
-44.5318 -105.288 1893.35
-68.344 292.5 1890.47
-147.536 668.167 1858.24
-14.9109 777.148 1864.18
-60.831 -729.113 1863.63
86.8597 -743.146 1923.9
44.5234 -759.65 1956.25
-77.6167 -729.125 1966.7
61.8269 -787.473 1915.74
-37.1248 -829.233 1841.49

-102.076 -121.759 1937.16
-90.7629 -292.857 1890.79
-75.8144 -430.747 1860.32
-60.9274 -646.358 1856.35
-79.8327 -612.704 1886.21
-147.282 -636.535 2009.25
-288.149 -578.049 2238.25
-185.842 -535.313 2440.82
-95.7885 -532.931 2408.01
-188.106 -511.538 2458.94
-113.596 -466.798 2342.43
-48.8393 -608.876 1826.93
2.26675 -616.354 1706.6
93.7444 -535.187 1454.34
208.755 -454.139 1267.55
273.157 -532.576 1248.67
266.274 -452.006 1180.52
249.49 -539.223 1219.37
-169.698 -141.728 1994.35
-165.323 252.423 1935.16
-172.605 624.189 1852.41
-65.1611 734.68 1957.48
-41.0984 -103.752 1885.59
-69.1923 293.409 1882.56
-147.557 669.335 1855.77
-13.5933 775.945 1867.55
-43.6061 -725.682 1861.09
97.822 -760.21 1927.44
52.2245 -772.03 1957.22
-65.3187 -726.42 1963.13
67.8271 -800.676 1916.65
-31.7414 -827.271 1836.67

-99.4373 -123.485 1935.29
-88.3925 -294.881 1887.31
-75.2653 -432.8 1853.69
-59.9019 -648.802 1839.54
-78.4619 -616.48 1871.34
-142.178 -644.243 1996.19
-266.47 -572.599 2232.23
-162.898 -515.576 2431.65
-71.4482 -519.101 2401.84
-163.405 -493.951 2452.6
-107.413 -459.036 2326.68
-48.338 -609.823 1811.56
1.4197 -611.872 1689.91
77.3352 -534.94 1430.05
188.699 -454.947 1239.48
244.128 -538.339 1212.77
230.813 -441.063 1172.39
208.522 -529.706 1171.46
-167.077 -143.954 1992.84
-164.684 251.745 1933.32
-172.907 625.318 1851.92
-79.3149 731.248 1974.74
-38.4437 -105.027 1883.39
-66.9267 293.683 1882.54
-149.68 670.166 1855.04
-9.88078 770.853 1854.46
-42.2583 -728.519 1840.36
100.308 -758.123 1908.15
54.7776 -773.883 1936.59
-65.73 -735.113 1942.22
72.7514 -799.844 1894.95
-24.1323 -828.463 1811.61

-96.1503 -124.207 1922.88
-84.9615 -294.71 1872.48
-73.5118 -431.593 1834.85
-65.509 -647.438 1816.26
-83.6414 -615.191 1848.31
-140.163 -644.097 1976.16
-223.416 -572.251 2229.24
-122.84 -512.351 2429.08
-32.2903 -502.972 2398.12
-127.757 -488.066 2446.15
-104.87 -457.835 2315.34
-51.9192 -608.349 1789.46
0.837781 -606.448 1669.22
60.4132 -501.612 1415.22
216.405 -390.041 1280.23
251.448 -469.604 1224.01
241.032 -403.164 1142
237.194 -462.478 1187.32
-162.93 -145.742 1980.9
-162.409 250.494 1927.96
-173.186 624.515 1850.82
-75.103 729.2 1970.89
-35.9321 -104.788 1870.55
-68.0241 293.243 1872.43
-149.32 670.049 1851.15
-10.2741 771.301 1857.25
-50.7482 -727.658 1815.71
86.0174 -748.592 1896.97
39.0175 -766.905 1921.04
-83.409 -735.318 1914.82
62.3575 -791.859 1881.57
-24.177 -826.346 1789.7

-86.567 -113.394 1918.95
-79.2827 -277.45 1858.03
-73.6694 -408.547 1809.14
-68.2459 -616.943 1764.72
-85.1203 -589.236 1800.27
-141.247 -616.938 1925.88
-243.778 -555.377 2169.4
-141.088 -505.941 2366.54
-48.2524 -507.667 2384.31
-129.151 -473.623 2443.89
-70.8531 -417.438 2313.3
-55.0472 -575.653 1743.03
-4.93395 -566.004 1624.43
49.1043 -463.536 1373.43
227.528 -349.52 1282.13
262.911 -420.531 1218.36
284.536 -386.936 1122.04
248.472 -424.277 1206.39
-146.655 -138.821 1980.24
-193.052 249.618 2018.18
-263.287 618.132 1999.34
-166.955 714.611 2122.79
-32.3832 -90.4654 1863.68
-62.7136 300.962 1866.78
-148.088 670.404 1849.5
-12.344 770.89 1860.05
-54.5181 -695.248 1754.16
91.1953 -667.335 1807.8
67.51 -714.526 1823.02
-49.5996 -753.628 1838.73
86.6674 -706.72 1776.04
4.30138 -745.624 1685.22

-85.9495 -106.892 1912.47
-79.0664 -268.367 1851.21
-74.7467 -397.117 1801.23
-68.3123 -602.887 1758.13
-83.4544 -575.634 1793.95
-130.192 -607.667 1920.32
-216.752 -558.282 2168.81
-162.312 -514.81 2382.44
-69.4001 -522.303 2386.21
-140.153 -478.637 2449.82
-90.5318 -434.077 2317.53
-57.2 -562.049 1735.84
-14.4755 -559.435 1615.83
25.7615 -499.871 1352.68
80.9314 -446.089 1138.58
87.6038 -538.233 1099.15
70.3362 -437.836 1113.65
183.858 -485.227 1081.28
-144.904 -132.41 1973.11
-211.401 242.896 2044.89
-296.381 603.221 2063.23
-214.989 689.47 2200.62
-32.788 -83.8818 1857.79
-63.3954 302.291 1863.91
-146.108 667.388 1851.23
-15.8406 771.167 1863.26
-54.042 -679.977 1747.33
89.9749 -622.366 1760.59
79.1624 -668.289 1787.32
-21.6374 -719.893 1834.87
86.3959 -666.563 1737.22
-3.0743 -732.3 1675.68

-83.8674 -104.302 1898.76
-77.0799 -266.441 1835.91
-74.077 -395.338 1783.63
-65.4658 -599.283 1727.23
-77.8581 -574.56 1766.23
-115.088 -612.352 1895.19
-190.187 -564.581 2149.63
-135.182 -519.738 2364.45
-44.7918 -507.76 2387.01
-131.464 -482.733 2441.52
-75.4475 -424.556 2311.53
-57.9008 -556.549 1706.34
-28.0787 -542.564 1582.36
-0.716988 -424.562 1335.85
93.5941 -309.86 1161.38
113.882 -386.803 1098.96
87.9118 -294.185 1137.45
151.792 -391.399 1100.71
-142.918 -130.476 1959.91
-219.925 240.447 2054.69
-316.522 598.968 2092.31
-237.557 680.142 2235.74
-30.6186 -80.6988 1843.62
-61.3546 308.064 1853.04
-144.86 675.715 1843.58
-11.7258 777.571 1856.58
-49.8224 -675.552 1710.27
99.9466 -646.906 1673.96
89.7414 -690.943 1704.58
1.27276 -723.779 1784.5
80.4856 -689.19 1654.46
-35.6962 -735.02 1627.34

-84.2235 -105.938 1895.31
-77.8391 -268.201 1831.19
-77.8278 -396.288 1775.73
-78.3535 -598.419 1710.3
-87.4601 -575.038 1751.18
-109.194 -622.077 1881.12
-137.772 -593.927 2148.56
-55.65 -566.422 2358.36
13.566 -513.994 2394.97
-87.8682 -523.199 2423.4
-33.1487 -448.939 2308.75
-71.0899 -554.874 1690.66
-49.1439 -539.972 1564.72
-25.2846 -391.087 1334.09
86.0503 -257.796 1183.53
110.455 -327.11 1113.57
82.7333 -239.022 1161.27
139.547 -335.242 1115.54
-143.29 -132.515 1956.68
-224.025 236.628 2060.12
-324.17 594.515 2105.64
-244.717 672.886 2251.09
-30.9609 -81.9719 1839.96
-62.2391 307.899 1853.24
-146.382 676.736 1847.87
-12.8969 778.541 1864.25
-65.8387 -674.475 1689.1
80.5705 -639.746 1643.43
72.1364 -689.623 1664.44
-8.63275 -738.954 1744.65
57.5939 -676.446 1617.19
-62.7414 -713.918 1593.62

-90.3526 -103.588 1880.12
-84.9764 -267.496 1816.42
-65.858 -400.963 1776.36
-59.7962 -614.286 1759.18
-68.8041 -582.148 1794.14
-100.434 -603.172 1929.91
-139.373 -541.084 2192.38
-66.4134 -486.879 2402.27
24.8724 -510.399 2390.82
-65.9553 -462.258 2418.89
-9.20451 -446.696 2298.1
-54.8375 -575.959 1729.56
-37.07 -581.586 1601.22
-56.315 -501.134 1336.15
-47.1279 -422.877 1118.35
6.29909 -479.807 1052.33
42.5849 -388.053 1017.19
11.1775 -475.299 1033.84
-143.875 -131.282 1946.86
-238.659 236.606 2054.26
-353.61 591.614 2110.04
-258.3 650.302 2257.01
-42.0893 -78.6147 1819.94
-61.2849 314.715 1841.13
-143.597 686.945 1847.08
-1.1894 776.122 1872.75
-44.6258 -693.32 1755.61
87.4403 -741.117 1828.99
46.5466 -777.892 1824.3
-77.914 -771.516 1814.39
77.009 -764.56 1784.89
7.76382 -739.953 1678.62

-82.5136 -116.349 1906.85
-71.8198 -293.156 1871.95
-64.0219 -434.543 1844.02
-45.231 -653.294 1836.14
-49.6521 -618.792 1871.5
-45.735 -632.061 2015.5
-115.769 -526.901 2264.97
-31.8921 -414.155 2452.96
55.2172 -457.778 2454.98
-25.9558 -384.545 2457.02
26.048 -435.702 2340.03
-49.1371 -615.692 1803.48
-55.9212 -626.884 1671.04
-76.98 -561.74 1394.45
-27.0437 -492.865 1172.52
-66.2889 -571.654 1115.43
-20.6676 -500.191 1049.37
12.1394 -479.018 1042.07
-85.4606 -134.378 1997.29
-164.035 245.545 2113.92
-336.098 584.285 2188.39
-197.57 696.289 2253.23
-79.8562 -100.091 1825.29
-60.5399 304.126 1824.22
-160.292 681.207 1854.66
-14.3351 776.569 1849.67
-24.7382 -733.328 1833.38
135.765 -758.437 1826.34
104.827 -796.802 1854.25
-6.77232 -795.323 1917.51
106.228 -793.779 1801.45
-15.7932 -799.46 1749.9

-82.9332 -117.472 1905.47
-70.4134 -291.838 1866.5
-61.1622 -431.283 1835.32
-40.2781 -646.864 1810.94
-43.3348 -615.307 1848.58
-29.246 -639.923 1989.26
-74.4906 -539.005 2243.69
-8.97925 -427.417 2437.27
82.9506 -457.25 2439.31
-5.31398 -394.394 2444.43
52.9734 -434.162 2325.79
-46.2143 -607.401 1781.54
-60.0532 -610.235 1650.27
-104.951 -529.556 1383.1
-77.546 -446.486 1164.13
-78.146 -495.284 1072.19
9.05906 -471.687 1015.56
-59.7897 -447.875 1053.52
-84.5109 -137.543 1994.77
-130.606 239.3 2126.65
-290.743 577.412 2213.65
-150.684 688.274 2272.51
-81.5105 -99.3729 1824.94
-61.353 301.593 1826.21
-158.853 676.284 1853.64
-11.1845 766.478 1852.44
-19.1394 -725.533 1801.48
138.105 -761.11 1795.78
108.775 -781.541 1839.14
3.91828 -746.205 1902.02
105.772 -801.436 1790.66
-19.3233 -820.779 1754.9

-65.3919 -112.874 1903.47
-53.3608 -286.302 1864.41
-43.0165 -424.843 1832.94
-22.4143 -639.792 1813.25
-20.5999 -607.112 1849.65
16.9403 -617.474 1987.01
-34.7772 -518.094 2239.24
29.5399 -400.762 2428.33
112.308 -447.367 2443.37
36.3172 -371.641 2431.66
99.1449 -430.459 2326.27
-33.0676 -601.677 1783.83
-62.9444 -599.435 1655.95
-115.025 -525.393 1389.7
-70.243 -463.744 1167.85
-119.536 -521.19 1097.19
-67.7665 -477.202 1015.72
-91.5069 -471.244 1044.94
-34.8888 -129.71 1987.61
32.9511 262.271 2027.74
-28.311 632.967 2097.32
117.322 749.306 2113.55
-92.8979 -97.6932 1827.6
-73.4373 301.079 1816.63
-159.459 675.157 1858.62
-24.2558 780.083 1840.07
-1.66807 -718.099 1803.58
147.697 -776.138 1794.8
117.852 -789.346 1840.18
22.5012 -735.666 1903.88
109.937 -811.387 1793.51
-17.4353 -814.456 1763.68

-43.8619 -110.498 1915.02
-24.0438 -280.4 1865.72
-16.5045 -418.418 1831.84
-8.48174 -634.818 1825.85
0.100308 -599.882 1858.99
48.4647 -607.223 1992.98
9.61467 -485.534 2237.34
79.3596 -355.76 2415.82
128.11 -424.561 2461.88
97.4334 -331.757 2416.37
147.673 -436.074 2345.13
-21.6598 -598.335 1795.48
-63.9494 -597.453 1671.26
-125.834 -533.748 1404.71
-103.839 -487.523 1176.01
-163.982 -526.795 1101.56
-90.789 -486.407 1036.42
-90.9153 -475.881 1047.06
8.58309 -125.508 1987.83
58.2526 269.061 2025.49
-21.8361 628.004 2127.9
104.995 758.847 2086.22
-91.1538 -96.9629 1849.36
-85.872 301.28 1824.85
-176.516 672.105 1880.5
-48.9461 777.242 1833.06
7.14513 -714.547 1819.31
155.29 -772.229 1798.47
128.783 -786.526 1845.5
38.3907 -734.489 1917.08
117.526 -807.424 1799.05
-11.5414 -809.838 1778.38

-34.0675 -112.952 1929.34
-16.7124 -282.884 1881.71
-12.3985 -421.079 1850.38
-9.72931 -636.859 1849.77
1.47109 -601.447 1881.3
58.7496 -613.46 2010.78
47.1139 -492.714 2257.22
142.261 -359.395 2419.46
164.007 -429.551 2480.83
166.765 -342.232 2418.35
186.163 -467.544 2370.81
-23.7037 -600.989 1819.33
-73.7919 -609.902 1698.92
-148.986 -542.279 1437.95
-131.201 -486.52 1211.95
-190.198 -544.261 1150.26
-110.79 -521.58 1084.49
-171.202 -499.972 1108.9
19.834 -127.458 2000.74
64.5994 266.038 2039.47
-7.66122 630.656 2119.8
125.349 755.782 2083.39
-82.6729 -99.8709 1864.95
-75.5019 295.781 1827.4
-159.087 668.267 1871.54
-36.4942 781.062 1831.54
3.6088 -716.779 1844.53
152.097 -775.443 1839.99
120.124 -790.635 1882.91
22.6199 -739.67 1944.34
114.375 -810.045 1835.05
-10.8022 -810.322 1799.12

