38.3305 -187.268 2161.4
38.6838 -367.726 2145.91
36.504 -511.624 2129.93
59.3738 -725.569 2177.74
81.7176 -692.653 2147.85
188.586 -715.671 2052.39
416.299 -745.203 1891.2
521.717 -765.264 1681.6
522.083 -737.769 1587.79
503.81 -678.781 1497.12
499.429 -722.221 1548.97
30.9673 -687.302 2193.28
-58.5064 -691.186 2292.3
-234 -679.233 2517.63
-414.112 -673.047 2673.77
-467.948 -683.465 2763.62
-529.045 -700.651 2850.79
-474.209 -674.519 2780.74
114.792 -182.655 2109.43
116.337 223.744 2114.39
147.097 604.161 2186.57
63.5643 714.579 2056.17
-30.6181 -191.428 2208.27
-28.1281 212.132 2252.61
15.4269 595.375 2325.35
-93.1706 688.321 2224.41
58.845 -808.108 2185.78
-42.4954 -818.111 2058.33
-6.6902 -861.487 2066.42
109.193 -875.48 2120.64
-49.9929 -853.791 2096.14
-22.1689 -865.931 2225.65

36.5479 -186.253 2160.38
35.604 -366.778 2145.6
32.3728 -510.709 2130.04
55.1601 -724.305 2179.47
77.6379 -691.578 2149.47
184.159 -713.011 2053.25
403.249 -739.519 1880
477.959 -751.218 1657
496.743 -722.209 1565.54
494.662 -663.54 1472.87
479.884 -720.55 1518.76
26.6387 -685.953 2194.59
-63.3437 -690.029 2293.15
-240.032 -677.47 2517.53
-414.845 -670.409 2679.56
-474.009 -688.492 2764.73
-528.497 -711.525 2854.88
-473.632 -674.181 2793.5
113.915 -182.507 2109.68
115.312 223.937 2111.59
146.311 604.002 2185.6
65.7934 714.072 2053.02
-33.217 -189.63 2206.1
-31.9194 214.703 2242.99
14.9196 596.809 2319.67
-93.5862 687.345 2216.46
54.6547 -806.79 2188.08
-45.2461 -811.212 2059.18
-12.5954 -856.835 2068.23
101.261 -878.098 2124.36
-55.7098 -845.91 2097.2
-30.6869 -858.569 2227.24

25.8423 -181.658 2148.71
23.5031 -360.371 2143.87
17.5045 -502.717 2132.36
39.0581 -715.871 2170.32
60.5874 -682.438 2141.48
163.514 -701.065 2043.59
372.647 -723.07 1863.37
456.518 -732.628 1646.8
457.554 -706.849 1553.81
463.464 -674.586 1450.61
439.002 -707.914 1510.84
11.9295 -678.462 2188.01
-73.2432 -688.125 2288.12
-229.99 -674.524 2522.37
-412.784 -657.125 2669.64
-453.704 -678.017 2762.84
-494.797 -708.134 2856.3
-458.88 -677.267 2776.31
106.237 -181.535 2105.27
106.523 219.266 2087.26
140.462 592.237 2169.47
77.4335 712.053 2039.39
-46.6527 -181.769 2187.88
-30.9769 214.88 2243.04
6.35735 592.866 2319.59
-91.0537 683.31 2209.27
37.8367 -797.594 2174.99
-82.644 -824.584 2071.6
-42.4529 -863.585 2074.77
80.7547 -863.89 2105.77
-79.4494 -857.656 2111.4
-27.4009 -858.434 2231.95

17.8037 -182.512 2150.59
15.2321 -361.582 2143.15
10.2474 -504.347 2131.88
29.3626 -718.007 2171.4
50.7626 -685.107 2141.66
150.086 -710.206 2041
357.863 -727.396 1857.65
433.757 -732.861 1637.4
436.702 -701.388 1545.96
451.567 -661.107 1446.25
422.233 -689.587 1508.09
3.2132 -679.909 2189.44
-79.8675 -685.757 2292.02
-235.863 -672.085 2527.61
-407.583 -664.363 2689.28
-457.374 -684.763 2778.47
-502.711 -705.091 2872.91
-462.957 -670.896 2798.97
98.0809 -181.831 2106.46
94.3175 218.042 2063.3
138.712 591.063 2144.79
50.9392 708.742 2027.01
-54.5857 -183.126 2190.38
-46.4035 214.831 2245.07
-3.33184 590.761 2332.84
-92.7864 686.2 2219.36
26.9431 -799.858 2176.88
-108.19 -826.474 2092.65
-67.8331 -865.498 2089.37
58.9775 -865.727 2101.26
-98.9009 -859.902 2131.36
-28.9128 -861.409 2242.84

7.4338 -185.63 2148.6
6.91193 -367.342 2142.87
5.67349 -512.557 2136.91
25.8346 -728.595 2180.13
46.4732 -695.863 2148.55
141.453 -721.134 2041.02
340.168 -730.48 1841.71
402.222 -730.843 1613.65
405.299 -712.774 1517.25
407.256 -687.436 1410.11
390.082 -707.188 1476.9
0.177061 -689.518 2198.74
-79.6336 -696.763 2306.16
-246.278 -659.589 2536.76
-457.638 -622.134 2642.64
-475.842 -661.585 2738.95
-489.599 -705.461 2836.93
-460.856 -649.946 2768.21
87.335 -184.363 2101.19
67.3737 218.588 2040.67
97.4243 605.068 2082.37
-31.0493 697.403 1975.54
-64.6166 -186.771 2191.36
-57.9152 215.763 2254.55
-5.78198 592.894 2355.94
-91.102 675.092 2226.26
23.3046 -811.491 2187.28
-102.613 -813.206 2082.61
-64.3463 -855.245 2077.95
61.204 -868.508 2105.34
-100.814 -853.35 2116.74
-45.8348 -878.142 2235.86

1.69202 -187.875 2126.96
-1.63865 -368.837 2120.48
-1.38092 -513.624 2120.96
15.0538 -728.343 2167.86
37.0623 -696.397 2136.7
133.389 -719.602 2030.67
320.411 -732.73 1821.99
377.104 -733.999 1593.47
375.231 -711.928 1498.26
372.535 -682.061 1392.75
348.76 -696.074 1467.12
-10.7936 -688.915 2184.88
-94.8385 -693.577 2288.5
-227.367 -649.694 2537.93
-442.847 -596.978 2625.33
-484.433 -637.288 2713.21
-498.668 -671.685 2814.4
-458.208 -633.358 2746.12
83.928 -187.868 2084.47
54.3308 211.865 2017.39
61.1416 600.19 2014.55
-83.2873 703.707 1946.79
-72.4638 -187.88 2165.27
-64.5633 216.414 2201.2
-13.7696 582.243 2333.97
-79.5876 686.92 2210.17
11.4844 -810.781 2176.09
-92.7923 -812.565 2050.66
-57.485 -856.807 2055.62
59.337 -875.29 2106.35
-99.9918 -850.094 2086.69
-69.4915 -869.494 2214.69

0.207328 -185.293 2082.72
-6.31359 -355.658 2060.97
-7.08831 -492.891 2054.19
5.70585 -698.081 2092.63
27.5334 -667.056 2064.52
122.562 -699.369 1970.22
301.22 -748.603 1779.09
324.525 -752.08 1556.9
341.867 -717.081 1472.76
315.538 -679.379 1379.37
300.25 -700.484 1436.14
-18.8655 -660.956 2109.38
-100.989 -666.794 2205.68
-183.339 -655.326 2463.88
-323.592 -646.834 2641.23
-365.185 -674.376 2727.76
-399.375 -687.557 2823.3
-431.506 -630.179 2722.58
81.2658 -184.079 2048.89
42.534 193.02 1977.91
49.2652 561.499 1983.47
-52.6928 700.875 1931.02
-72.8867 -186.389 2113.22
-72.0692 182.86 2003.33
-8.25746 549.753 2009.93
-79.3307 685.41 1945.76
1.46063 -776.484 2097.91
-108.559 -829.72 2002.9
-71.8123 -865.159 2020.26
44.2947 -858.5 2057.55
-109.343 -848.127 2049.22
-67.1067 -813.865 2163.12

-11.49 -192.972 2066.59
-17.7104 -363.441 2035.31
-15.5803 -501.924 2028.96
-10.7699 -711.108 2056.51
10.3626 -679.518 2027.78
101.064 -709.931 1926.99
283.576 -743.301 1732.72
283.677 -731.279 1507.58
283.627 -699.777 1419.44
275.158 -653.194 1325.68
237.966 -684.175 1384.55
-31.8645 -673.372 2077.36
-105.338 -682.963 2181.54
-185.868 -671.284 2442.87
-309.427 -646.242 2633.23
-317.762 -676.809 2728.9
-371.016 -660.851 2815.9
-421.052 -635.522 2716.22
71.4094 -190.263 2035.33
21.5264 188.965 1963.61
24.1509 560.387 1982.61
-50.6885 717.399 1928.67
-86.244 -195.415 2094.77
-71.383 179.941 1994.73
-8.48702 550.116 2010.95
-80.9663 689.984 1953.89
-18.937 -790.07 2058.43
-155.965 -839.766 2002.27
-114.867 -875.422 2002.54
8.01519 -867.396 1997.85
-140.35 -862.216 2044.48
-60.7045 -835.809 2140.3

-9.81486 -196.142 2061.35
-17.9688 -369.87 2036.07
-13.329 -509.923 2025.87
-6.07946 -723.55 2033.03
10.8526 -688.863 2004.02
85.1717 -723.852 1889.63
248.962 -783.467 1680.53
200.709 -736.625 1462.17
252.085 -690.154 1397.37
293.978 -655.976 1305.68
244.946 -674.719 1359.26
-23.5847 -687.546 2060.65
-83.471 -703.422 2174.42
-177.099 -672.766 2433.71
-297.197 -635.259 2627.88
-267.727 -702.765 2698.64
-343.35 -665.398 2760.54
-300.023 -680.677 2743.49
50.3713 -189.316 1995.02
-7.67369 197.423 1944.13
19.4669 572.737 1965.39
-111.05 702.635 1953.16
-64.0874 -202.297 2121.16
-121.814 184.575 2074.37
-89.3531 563.421 2096.18
-185.84 673.754 2010.47
-14.6688 -803.45 2028.84
-166.532 -821.468 1987.97
-132.242 -863.017 1976.23
-9.97844 -873.247 1952.93
-149.434 -853.411 2023.82
-53.1186 -856.453 2109.68

-21.8507 -192.225 2042.64
-25.5388 -365.298 2013.26
-21.9529 -504.241 1993.6
-12.5273 -717.706 1994.38
1.1325 -682.166 1964.76
63.3646 -711.907 1842.13
189.872 -738.331 1602.83
181.568 -732.451 1374.78
244.211 -685.607 1321.27
322.576 -622.844 1286.21
138.308 -647.326 1293.42
-27.3924 -682.617 2024.54
-81.1119 -711.188 2138.78
-163.674 -670.343 2400.14
-328.928 -621.566 2554.24
-286.37 -656.247 2640.26
-326.751 -652.351 2736.6
-322.08 -668.692 2676.48
23.8468 -180.248 1966.34
-23.6044 209.541 1933.83
16.5032 582.692 1964.51
-118.099 708.64 1968.38
-63.0581 -203.026 2111.44
-134.308 183.885 2122.97
-120.429 561.599 2166.89
-245.794 660.542 2109.7
-20.9272 -797.481 1988.99
-172.783 -818.598 1950.19
-138.61 -861 1941.89
-16.5329 -873.324 1919.25
-155.65 -847.431 1988.51
-59.2034 -843.43 2074.01

-15.0434 -191.471 2011.17
-17.9437 -365.539 1979.61
-15.134 -505.152 1957.09
-4.02769 -720.011 1948.7
5.65026 -682.987 1918.72
43.4249 -715.245 1785.94
99.2414 -727.648 1517.92
59.974 -693.611 1293.84
127.827 -676.823 1228.78
229.211 -668.554 1262.49
98.6034 -598.833 1210.9
-15.368 -685.95 1982
-46.8345 -722.938 2103.04
-49.7217 -712.929 2382.09
-167.519 -668.193 2577.99
-189.244 -716.026 2666.38
-260.757 -674.859 2731.85
-232.937 -678.629 2688.83
27.6086 -177.934 1932.59
-30.8931 214.077 1909.52
17.0204 588.028 1952.34
-121.564 710.803 1967.78
-53.5045 -203.678 2082.03
-58.7609 191.787 2111.5
-35.7621 572.442 2151.33
-169.521 661.363 2092.84
-12.5098 -800.243 1941.37
-171.4 -808.536 1932.4
-142.691 -852.291 1913.89
-27.8677 -869.912 1865.81
-149.219 -842.047 1964.3
-37.0352 -851.92 2029.11

-15.1499 -189.961 2010.98
-18.4053 -363.966 1979.51
-16.6237 -503.482 1956.64
-7.84752 -718.289 1946.55
1.52687 -681.167 1916.64
36.0642 -701.365 1780.69
83.5852 -666.772 1513.12
26.6488 -609.307 1297.9
86.9657 -616.277 1224.24
190.63 -617.656 1251.18
75.6353 -558.258 1186.14
-18.1026 -684.367 1980.32
-48.1681 -717.99 2102.63
-59.8006 -686.325 2379.72
-190.035 -630.683 2564.53
-195.36 -677.464 2655.89
-266.11 -658.949 2731.64
-234.717 -662.262 2679.38
27.2349 -176.52 1932.28
-31.2756 215.325 1909.17
17.0234 589.133 1951.44
-122.941 709.788 1969.94
-53.3702 -202.08 2081.95
-46.2645 193.439 2107.93
-10.4724 573.215 2145.12
-140.78 665.165 2083.8
-17.2839 -798.349 1938.88
-176.454 -803.891 1935.86
-149.222 -846.677 1913.35
-36.7452 -862.581 1859.6
-153.573 -839.735 1964.53
-39.1198 -855.408 2023.9

-5.60949 -181.465 1982.69
-18.7958 -355.835 1960.73
-23.7419 -495.543 1943.15
-14.5936 -709.783 1939.13
-11.732 -673.872 1906.77
12.13 -705.064 1771.13
96.9077 -573.708 1547.33
27.1454 -464.003 1358.67
27.5489 -481.562 1265.18
126.206 -467.898 1226.78
62.9533 -510.931 1244.64
-18.4059 -674.809 1972.91
-22.7171 -702.555 2099.76
-45.0529 -615.269 2362.92
-205.29 -551.8 2518.26
-206.988 -603.05 2606.92
-245.509 -648.713 2693.17
-234.295 -635.677 2612.6
-5.33778 -170.228 1893.32
-49.1272 222.813 1895.82
7.82149 593.29 1944.35
-123.739 721.605 1966.19
-5.85451 -191.597 2063.28
-27.221 200.318 2018.4
65.3381 566.349 1960.72
-74.1583 662.471 1977.86
-24.3656 -789.835 1936.3
-180.982 -798.614 1911.95
-149.644 -837.896 1888.88
-31.1221 -845.193 1849.09
-160.717 -836.729 1939.31
-54.6643 -856.151 2010.93

-0.677717 -182.793 1961.66
-12.3573 -354.786 1930.85
-20.377 -492.323 1905.97
4.17515 -699.94 1864.66
-4.62735 -660.073 1839.2
-17.0392 -640.434 1700.82
-35.9378 -578.261 1437.46
-155.42 -602.916 1245.25
-110.473 -599.077 1162.19
-70.1713 -621.859 1066.76
-122.867 -611.52 1121.84
6.86008 -670.877 1903.35
16.8541 -694.092 2029.94
-2.62095 -648.472 2301.83
-154.897 -625.085 2473.35
-191.881 -626.539 2568.15
-222.747 -637.844 2667.08
-226.55 -621.871 2576.2
-17.1781 -166.2 1875.27
-52.7084 224.314 1900.85
5.41035 593.342 1939.29
-127.036 714.435 1979.41
14.2014 -197.756 2039.56
4.95975 193.841 2014.01
65.1323 566.955 1979.58
-71.6134 666.01 1968.95
0.417996 -778.913 1851.3
-149.586 -759.065 1895.84
-139.853 -796.059 1856.4
-52.3864 -811.392 1769.23
-129.542 -804.619 1905.94
-12.0308 -854.675 1920.96

3.00113 -184.93 1957.51
-11.4011 -356.421 1922.55
-20.6655 -493.569 1894.02
-3.00928 -701.373 1847.39
-11.5934 -660.624 1823.03
-21.7576 -643.759 1683.7
-32.6196 -573.255 1421.21
-175.258 -620.88 1249.43
-147.149 -629.178 1159.3
-124.581 -664.945 1061.71
-186.796 -617.615 1113.52
1.73483 -673.174 1886.69
15.5454 -706.403 2011.04
20.6742 -670.624 2285.83
-145.263 -656.282 2446.16
-168.851 -646.449 2544.97
-190.4 -646.558 2647.27
-208.44 -622.065 2553.82
-18.6274 -165.791 1872.53
-57.0591 225.384 1900.61
6.12496 593.66 1947.59
-125.364 714.285 1994.12
22.5045 -202.188 2034.14
11.8692 190.456 2008.33
66.4095 564.476 1964.04
-65.916 669.119 1982.05
-9.33662 -780.127 1832.46
-158.011 -791.05 1885.32
-145.063 -820.392 1840.52
-61.542 -809.417 1748.46
-130.499 -833.821 1888.02
-5.61172 -865.85 1891.15

-1.80882 -185.696 1962.95
-13.6755 -359.861 1933.06
-18.8109 -499.133 1908.06
5.32676 -711.595 1881.04
-2.80073 -673.06 1852.47
-12.4574 -663.245 1711.22
-72.2675 -598.178 1451.51
-189.278 -627.571 1255.4
-170.828 -611.905 1162.92
-159.739 -621.831 1056.69
-185.605 -595.61 1123.14
7.50617 -679.638 1918.15
6.19215 -698.03 2047.39
-33.8512 -626.924 2314.74
-206.298 -612.682 2471.03
-190.723 -630.882 2571.13
-180.253 -661.284 2671.55
-205.643 -631.01 2585.46
-23.5416 -169.395 1876.6
-66.8984 224.531 1906.46
-3.26418 597.643 1938.09
-129.518 712.244 2012.35
17.7886 -200.396 2040.81
20.1594 195.746 2014.83
82.8249 572.258 1974.52
-60.7514 664.024 1958.92
1.22046 -792.174 1872.9
-157.846 -804.213 1873.43
-129.434 -845.061 1848.7
-17.6315 -854.371 1791.67
-132.781 -840.132 1900.26
-16.1654 -853.178 1956.37

-4.22259 -184.52 1970.9
-3.72564 -361.816 1946.52
-6.69039 -503.643 1927.91
16.3173 -720.052 1919.66
8.90509 -683.697 1887.39
-0.901033 -671.989 1744.81
-80.0352 -616.462 1485
-202.977 -655.273 1291.33
-199.409 -630.129 1198.13
-204.269 -627.095 1089.89
-209.505 -610.944 1162.02
18.1848 -684.659 1954.25
16.6435 -695.455 2085.73
-63.1495 -613.724 2344.05
-241.509 -586.24 2495.52
-230.29 -599.223 2598.1
-217.646 -618.606 2702.1
-199.575 -613.326 2590.82
-27.6603 -172.539 1883.3
-63.9688 226.336 1912.53
-0.25066 603.203 1947.32
-132.781 713.619 2021.89
16.9122 -195.325 2049.89
24.915 204.325 2016.08
88.616 583.639 1966.31
-58.7509 673.792 1959.21
11.6115 -801.85 1918.41
-131.986 -781.683 1848.01
-104.168 -829.031 1836.31
18.1835 -863.596 1833.6
-128.91 -820.922 1881.84
-53.0292 -854.531 1983.76

3.15313 -185.098 1973.74
7.63341 -361.695 1950.54
0.925884 -503.365 1937.38
25.4241 -718.758 1941.42
19.634 -684.296 1907.14
20.5755 -696.472 1764.9
-98.2065 -655.742 1519.15
-196.919 -621.461 1312.43
-204.508 -623.887 1216.59
-225.852 -652.53 1114.76
-222.475 -601.778 1176.91
25.1851 -681.81 1974.07
15.8841 -686.09 2105.01
-101.447 -601.938 2346.31
-266.955 -549.947 2504.18
-257.786 -566.608 2605.96
-239.256 -584.128 2708.92
-212.597 -587.772 2583.06
-39.2186 -175.657 1893.69
-51.2013 222.559 1927.24
-6.17353 601.679 1942.57
-129.801 714.803 2025.77
41.3616 -193.612 2045.93
47.1783 202.01 1991.6
75.8708 580.49 1920.81
-64.1309 670.856 1963.98
21.2587 -800.187 1944.07
-126.289 -804.98 1881.15
-91.6387 -846.85 1868.08
33.9504 -860.244 1859.32
-115.037 -842.74 1914.57
-30.0654 -862.294 2012.14

4.92638 -185.644 1972.77
8.79854 -362.916 1952.1
1.35814 -505.019 1941.2
26.4164 -720.538 1952
21.4867 -687.008 1916.55
26.5997 -702.781 1774.47
-104.032 -660.165 1534.52
-213.188 -624.37 1332.86
-227.529 -624.419 1237.58
-263.755 -638.512 1136.69
-234.996 -613.637 1199.13
25.1424 -682.617 1983.64
11.3238 -679.85 2114.48
-120 -586.022 2345.41
-288.814 -526.075 2497.54
-278.964 -536.295 2600.3
-262.306 -548.954 2704.5
-233.768 -558.797 2578.45
-38.068 -177.251 1892.74
-52.3879 221.271 1930.7
-5.16618 600.84 1946.78
-136.613 718.463 2010.23
43.6964 -193.212 2044.94
50.4307 202.191 1983.85
79.1449 579.892 1905.25
-57.3748 669.549 1960.65
22.4101 -802.034 1956.83
-118.974 -812.038 1880.92
-80.4772 -850.744 1868.4
46.2736 -855.539 1869.88
-107.949 -851.208 1912.92
-30.1057 -871.769 2016.39

8.71406 -189.56 1980.91
13.0764 -367.565 1959.43
7.16887 -510.343 1947.7
35.1693 -726.59 1957.06
27.9432 -692.959 1921.78
25.1469 -707.556 1778.85
-120.681 -670.061 1545.39
-240.527 -638.363 1347.91
-259.207 -634.231 1253.02
-297.813 -637.944 1151.55
-252.93 -627.978 1211.77
35.2108 -688.507 1988.9
31.8234 -676.689 2120.53
-100.409 -571.927 2347.82
-276.306 -509.777 2492.56
-288.223 -526.658 2594.72
-273.961 -532.766 2700.36
-238.988 -547.962 2581.42
-37.3298 -181.179 1902.09
-52.572 219.228 1939.64
-5.08699 600.652 1953.56
-132.502 723.565 2017.79
50.2339 -197.117 2051.98
55.7986 200.323 1991.74
83.764 579.77 1912.37
-52.3416 669.071 1971.74
32.2739 -808.504 1962.09
-120.667 -794.51 1912.01
-91.8221 -839.388 1894.12
31.186 -865.648 1873.6
-110.781 -835.128 1942.96
-19.9881 -868.568 2032.32

9.47236 -189.589 1981.36
13.567 -367.441 1959.65
7.48134 -510.094 1947.76
34.82 -726.362 1954.55
26.6545 -692.447 1919.8
19.5529 -704.338 1776.86
-118.819 -626.222 1549.24
-234.441 -560.64 1357.88
-254.824 -578.013 1264.93
-294.155 -603.947 1167.14
-244.895 -603.831 1234.29
36.007 -688.561 1986.64
37.5211 -675.563 2118.1
-86.0009 -561.806 2345.71
-260.075 -494.201 2489.93
-278.758 -512.806 2590.69
-276.251 -524.433 2696.72
-229.847 -534.703 2580.51
-36.7983 -181.061 1902.77
-51.0472 219.155 1939.61
-1.56801 600.126 1951.06
-132.551 718.31 2016.58
51.1966 -197.279 2052.23
58.3902 200.003 1993.07
88.5719 579.123 1914.33
-48.4191 668.761 1970.71
31.7359 -808.242 1959.01
-124.332 -788.553 1922.79
-98.5894 -833.788 1901.52
21.2081 -863.149 1869.82
-113.101 -830.145 1951.86
-16.0892 -868.359 2032.19

11.6162 -188.341 1982.01
15.2601 -365.383 1958.2
10.5484 -507.425 1943.86
43.6881 -722.224 1937.61
28.6852 -687.562 1906.26
-2.78472 -700.677 1767.21
-90.999 -595.336 1526.97
-248.49 -503.677 1382.91
-275.843 -529.002 1293.97
-296.628 -560.005 1192.4
-244.284 -564.224 1269.68
49.676 -685.582 1970.27
102.306 -694.724 2090.66
179.958 -608.598 2347.71
69.3239 -571.325 2551.92
-30.1238 -566.703 2581.42
-133.202 -588.172 2596.53
-54.9039 -530.978 2563.99
-36.4647 -178.967 1904.94
-49.9647 219.958 1942.69
-0.722039 599.672 1957.27
-132.966 715.852 2022.19
54.9728 -196.793 2051.5
61.5207 200.414 2000.64
90.659 579.981 1929.89
-50.0082 670.244 1973.06
43.3983 -804.012 1939.48
-116.853 -790.001 1934.82
-94.713 -837.173 1914.16
16.429 -869.265 1861.84
-98.5447 -827.542 1965.49
13.8781 -854.919 2027.37

13.6591 -191.25 1987.92
15.4584 -367.308 1963
8.4919 -508.589 1948.84
34.0582 -723.251 1939.19
17.6694 -688.123 1909.46
-24.8481 -706.042 1774.65
-150.94 -643.862 1537.79
-297.651 -598.863 1364.9
-304.116 -624.249 1272.56
-337.692 -669.905 1180.98
-313.262 -620.089 1231.37
43.8645 -687.178 1971.2
104.712 -718.46 2083.01
211.964 -641.542 2330.68
140.634 -620.397 2552.65
40.1418 -599.558 2564.75
-60.095 -574.404 2587.7
35.6216 -526.854 2557.29
-37.819 -181.271 1913.69
-48.7516 216.561 1942.52
-2.71507 595.033 1950.46
-127.707 714.197 2021.48
60.0791 -200.249 2054.86
62.4185 194.267 1998.02
87.4335 570.757 1919.74
-42.1763 672.874 1967.57
31.3514 -804.609 1940.81
-120.361 -809.958 1991.87
-101.556 -854.061 1963.34
-12.9057 -872.845 1875.29
-88.5325 -844.646 2012.92
40.0983 -857.823 2031.21

13.2853 -192.792 1991.51
14.9135 -369.397 1966.42
7.67363 -511.128 1952.36
34.0704 -726.354 1942.08
16.7856 -691.192 1912.64
-29.576 -710.566 1778.83
-164.522 -654.355 1544.35
-313.969 -614.277 1371.61
-327.854 -632.523 1278.09
-366.626 -668.253 1183.79
-333.4 -628.32 1237.38
44.4815 -690.119 1973.96
108.371 -720.135 2084.9
230.183 -638.092 2325.1
192.564 -604.442 2554.46
115.13 -672.562 2564.99
86.0456 -593.947 2630.2
103.606 -600.189 2462.19
-39.1743 -182.779 1917.62
-50.0285 216.541 1943.29
-1.74343 596.01 1947.72
-132.74 712.702 2013.38
60.5905 -201.821 2058.14
62.322 194.668 2006.35
89.7196 572.576 1929.68
-45.1937 674.557 1962.85
31.7647 -807.982 1943.77
-108.462 -822.257 2020.89
-93.678 -864.158 1986.86
-21.57 -874.757 1883.15
-72.1702 -856.74 2033.93
58.4157 -865.53 2028.2

21.9214 -192.538 2000.87
21.0058 -370.09 1975.78
15.9234 -512.458 1959.76
32.4315 -729.445 1943.55
12.0075 -693.081 1917.32
-55.576 -713.387 1792.16
-181.419 -659.478 1550.49
-330.185 -614.743 1376.67
-342.126 -634.854 1282.75
-382.068 -666.811 1186.94
-351.805 -637.389 1245.94
49.0958 -693.881 1973.89
128.871 -720.108 2075.97
254.6 -624.069 2310.63
187.757 -599.94 2535.75
130.713 -686.723 2544.39
114.924 -595.979 2598.36
96.2604 -609.85 2445.42
-40.6121 -182.845 1934.58
-47.6364 219.054 1953.05
-1.97522 600.86 1948.39
-130.902 713.893 2026.22
78.3107 -201.278 2060.65
56.3672 198.908 2030.09
92.3211 573.207 1932.02
-45.8466 672.988 1963.12
27.3401 -811.381 1944.87
-106.393 -820.909 2034.93
-95.9171 -863.716 1999.96
-33.4937 -877.336 1889.71
-69.9004 -856.546 2045.05
59.9973 -869.352 2027.58

21.9006 -193.618 2002.24
20.9795 -370.943 1977.53
15.3371 -513.163 1962.39
31.1904 -729.979 1947.88
10.4823 -693.863 1921.68
-59.5691 -715.407 1798.35
-192.927 -663.962 1560.7
-347.247 -622.005 1391.57
-358.153 -640.249 1297.3
-397.545 -670.735 1200.98
-368.201 -650.704 1264.69
48.3345 -694.238 1977.61
127.214 -722.765 2079.5
257.536 -620.292 2308.33
181.117 -585.765 2528.62
111.912 -663.421 2531.18
94.0134 -577.02 2590.98
95.4797 -587.47 2432.47
-40.9549 -184.119 1936.42
-47.5795 217.297 1951.69
-1.81391 598.459 1944.94
-132.093 712.285 2018.54
78.5802 -202.184 2061.6
56.2909 197.678 2035.57
93.4219 571.367 1937.99
-46.5627 670.497 1960.3
25.9792 -811.763 1949.99
-114.495 -826.444 2027.81
-100.017 -868.103 1993.03
-28.1519 -877.68 1888.48
-78.1883 -861.41 2040.27
52.8046 -870.805 2033.82

25.7208 -193.212 1997.6
22.648 -371.776 1978.6
15.603 -514.803 1968.15
35.2884 -732.005 1953.9
12.8051 -696.327 1928.28
-64.1623 -721.773 1809.38
-197.229 -667.513 1571.18
-353.097 -622.324 1403.31
-375.463 -639.247 1310.52
-426.702 -666.608 1218.55
-374.28 -656.754 1276.88
52.8923 -695.671 1982.89
136.967 -725.506 2080.71
263.884 -625.911 2313.78
191.888 -601.876 2537.71
97.5002 -645.387 2528.13
63.4461 -583.765 2608.6
95.9576 -594.881 2454.26
-40.2294 -185.336 1934.24
-49.0384 217.278 1949.84
-1.90021 599.404 1939.7
-128.121 708.063 2028.18
85.191 -200.314 2054.73
56.5269 201.237 2052.58
99.7504 571.785 1941.63
-42.9914 668.953 1958.67
31.7893 -814.121 1956.56
-112.817 -820.228 2028.81
-99.5282 -862.74 1994.3
-23.9861 -876.531 1892.36
-79.1944 -857.55 2042.57
51.5159 -875.164 2041.35

17.9401 -193.735 2006.67
19.5515 -376.697 1988.33
16.1556 -523.325 1978.32
31.3997 -745.933 1961.34
8.7714 -708.676 1935.8
-79.3617 -726.976 1819.15
-228.409 -666.575 1584.06
-395.537 -614.69 1421.19
-425.633 -642.499 1330.8
-482.653 -681.891 1243.61
-428.187 -660.954 1296.89
50.6395 -709.408 1991.1
135.737 -733.336 2093.86
264.294 -667.714 2345.65
213.06 -628.937 2579.05
121.945 -662.333 2623.81
34.6669 -671.538 2689.24
106.354 -603.822 2505.09
-48.4345 -187.676 1940.41
-44.3439 224.699 1954.43
-0.826783 616.491 1943.59
-133.856 709.726 2047.97
77.793 -199.199 2066.42
69.3161 212.726 2078.52
109.428 609.18 2082.52
-20.2684 652.081 1968.94
26.0853 -829.938 1963.33
-93.3007 -826.327 2078.07
-95.2019 -869.167 2039.48
-54.0277 -885.21 1916.51
-60.2682 -868.12 2080.5
64.6814 -898.081 2038.94

15.3769 -191.162 2008.29
19.1574 -372.645 1988.2
17.4445 -518.163 1976.41
36.5625 -739.249 1964.2
13.4538 -703.194 1938.05
-78.3783 -725.931 1826.4
-235.471 -670.787 1597.7
-400.172 -624.666 1433.02
-438.258 -647.878 1345.11
-504.791 -681.405 1263.35
-443.415 -674.984 1318.68
54.9884 -702.025 1993
139.943 -726.537 2094.51
270.861 -662.888 2343.29
216.975 -637.211 2576.2
148.418 -654.253 2655.41
83.8403 -661.256 2742.6
91.4989 -635.184 2537.45
-47.3199 -184.846 1939.43
-47.0126 224.725 1953.6
1.13532 613.228 1941.66
-134.321 712.391 2034.38
71.9133 -196.858 2070.38
73.0252 212.436 2078.42
107.741 606.683 2080.41
-22.6562 648.415 1969.12
32.7792 -822.702 1967.91
-106.386 -821.398 2055.6
-99.4399 -864.302 2018.27
-34.3752 -880.137 1907.1
-73.7093 -861.973 2065.14
56.8674 -888.674 2050.11

16.2556 -188.979 2008.29
16.2106 -369.899 1990.13
14.5826 -514.672 1977.14
23.3258 -735.477 1965.76
1.28055 -698.696 1940.13
-87.8246 -729.98 1829.19
-242.835 -672.053 1601.28
-405.436 -619.974 1437.8
-450.059 -654.95 1357.69
-522.516 -698.955 1287.39
-454.953 -678.23 1326.23
44.0807 -699.154 1993.72
133.8 -730.303 2088.3
278.392 -648.174 2322.19
217.923 -625.487 2552.69
158.306 -677.366 2622.84
113.203 -673.544 2721.17
90.4002 -622.883 2523.91
-48.3125 -182.286 1941.79
-47.3211 225.497 1955.59
1.4869 612.041 1939.68
-134.552 708.222 2032.95
74.4796 -195.014 2068.26
76.7723 212.455 2077.37
107.667 605.275 2079.83
-27.6573 645.831 1975.42
15.9097 -818.29 1970.04
-86.939 -831.174 2096.84
-89.6868 -871.805 2056.89
-63.1429 -878.301 1930.61
-50.6049 -869.197 2093.02
69.0544 -884.852 2035.85

15.2037 -189.938 2009.68
17.4053 -371.029 1987.42
17.5679 -515.986 1971.09
31.6354 -737.342 1960.66
8.44633 -701.105 1934.93
-88.4378 -720.26 1827.12
-260.889 -666.269 1609.8
-406.923 -620.658 1428.51
-468.583 -655.476 1360.06
-534.438 -699.745 1283.14
-473.951 -681.438 1324.34
51.7665 -700.26 1988.41
142.795 -718.597 2085.72
288.016 -651.01 2325.04
219.764 -636.324 2554.89
165.205 -670.003 2639.35
115.009 -687.396 2734.1
90.844 -646.362 2532.59
-48.0985 -182.342 1941.62
-46.1304 226.941 1953.14
8.27513 614.168 1938.45
-142.872 708.532 2008.89
72.286 -196.788 2071.06
74.3085 212.154 2078.18
108.417 606.101 2076.77
-31.0911 644.617 1976.12
26.2415 -820.579 1965.41
-88.5025 -812.484 2082.79
-92.6213 -855.452 2045.18
-55.9811 -874.05 1922.21
-56.6934 -854.725 2084.78
65.1828 -888.102 2040.18

15.4952 -190.016 2014.22
17.7479 -371.066 1992.28
17.1059 -516.074 1977.01
28.9908 -737.595 1969.94
5.81893 -701.568 1943.94
-93.1135 -721.729 1838.28
-271.775 -670.149 1625.6
-424.846 -626.146 1449.94
-490.124 -662.427 1385.8
-555.098 -709.15 1309.66
-497.556 -693.861 1357.57
49.8082 -700.286 1996.82
143.461 -718.914 2091.47
307.046 -652.966 2318.96
327.716 -614.142 2555.01
269.207 -657.657 2631.94
211.625 -681.724 2720.79
204.341 -639.254 2518.25
-48.1552 -182.605 1946.52
-46.1245 226.53 1956.93
9.77304 613.295 1940.29
-140.381 710.289 2009.04
72.8916 -196.698 2075.26
74.7939 212.017 2084.88
108.569 605.822 2086.08
-30.1625 646.1 1985.18
22.8932 -820.656 1976.07
-84.1551 -823.013 2100.66
-85.8768 -866.877 2063.95
-55.4367 -883.693 1939.11
-47.7847 -861.415 2101.05
73.8599 -881.966 2048.88

21.3021 -185.229 2018.28
22.2413 -366.326 1995.49
21.2858 -511.405 1979.83
34.6998 -732.897 1969.85
8.68582 -696.921 1946.53
-98.2849 -711.631 1847.88
-283.617 -666.674 1639.15
-438.573 -629.142 1463.4
-491.232 -707.502 1435.24
-554.358 -686.734 1346.9
-497.897 -717.532 1381.14
57.702 -695.52 1994.86
150.928 -709.769 2090.83
323.765 -654.041 2314.46
394.507 -612.039 2540.24
319.061 -670.918 2585.99
257.837 -677.062 2675.55
269.473 -636.63 2517.52
-56.6185 -179.22 1967.34
-42.0746 230.106 1965.87
3.99194 618.069 1941.62
-136.111 719.645 2024.02
91.5666 -190.647 2064.22
83.6841 216.303 2105.82
104.447 611.101 2092.81
-11.1025 695.873 2195.57
30.0876 -816.125 1975.9
-48.5914 -839.223 2118.39
-56.0065 -878.879 2077.75
-51.471 -879.926 1948.13
-11.2762 -874.939 2106.82
97.7299 -881.485 2029.07

23.795 -183.508 2028.7
24.5246 -363.962 2006.18
25.8624 -508.056 1986.9
39.4758 -728.677 1976.12
12.2235 -692.92 1954.33
-98.0656 -708.729 1860.41
-290.681 -668.083 1658.93
-451.53 -634.226 1489
-496.695 -715.72 1458.13
-573.57 -685.662 1385.2
-514.278 -717.506 1403.38
63.5572 -691.364 1999.8
163.943 -702.465 2087.95
340.172 -641.219 2306.06
407.786 -603.722 2532.64
329.14 -656.799 2579.19
263.565 -666.422 2664.8
278.92 -622.782 2519.68
-56.34 -177.996 1981.94
-42.1381 229.766 1974.58
-0.564694 616.483 1945.99
-131.539 729.303 2027.12
96.0562 -188.478 2070.87
85.3336 216.322 2117.66
98.4184 609.344 2091.68
2.28076 706.494 2202.08
35.5099 -811.616 1982.34
-32.9119 -839.11 2128.6
-41.5348 -878.325 2088.06
-45.1804 -877.557 1958.89
4.6218 -873.253 2114.22
108.253 -875.072 2029.99

25.5351 -183.375 2042.14
26.2126 -364.964 2020.95
26.7122 -510.145 2004.08
43.9636 -731.784 1995.37
15.0934 -696.602 1974.11
-97.5979 -707.903 1881.2
-298.052 -670.742 1684.65
-465.78 -639.719 1519.14
-511.303 -722 1489.23
-591.773 -695.837 1417.8
-532.297 -727.194 1438.34
68.3982 -693.555 2017.76
174.704 -694.887 2100.58
368.344 -655.018 2310.75
472.434 -627.967 2526.07
413.171 -698.756 2578.66
374.436 -709.305 2679.83
343.625 -620.369 2501.02
-56.5998 -178.513 1997.86
-45.3239 231.429 1986.75
-1.83858 618.955 1946.12
-129.37 725.12 2042.66
99.5997 -187.76 2082.08
86.3397 218.951 2130.56
98.8774 613.322 2094.73
21.0426 709.251 2220.98
41.7258 -815.136 2002.76
-28.0362 -823.61 2151.68
-39.7013 -866.038 2114.89
-44.0167 -877.446 1985.55
7.08955 -861.756 2140.63
110.413 -879.085 2056.66

28.4898 -180.221 2050.93
34.2356 -361.758 2034.59
37.7766 -507.091 2023.62
53.3873 -728.136 2011.64
23.3142 -692.734 1992.86
-96.1029 -707.793 1910.01
-305.993 -671.654 1724.46
-480.816 -641.794 1567.13
-541.788 -714.804 1541.83
-628.957 -690.728 1478.42
-536.002 -738.85 1507.76
79.439 -690.311 2032.56
190.299 -697.037 2108.29
388.481 -656.344 2313
522.623 -622.655 2509.24
522.961 -676.636 2600.44
525.926 -704.779 2705.25
394.313 -652.687 2559.56
-54.8251 -179.099 2009.17
-68.0845 229.879 2005.24
-0.723682 611.448 1952.23
-142.215 717.997 2025.01
103.618 -181.233 2088.59
83.0806 223.16 2144.61
92.0143 614.995 2093.98
5.9691 704.228 2219.18
51.328 -811.337 2018.36
-21.9253 -814.053 2165.35
-33.3689 -857.315 2129.7
-34.767 -872.655 2001.04
12.7388 -852.971 2156.37
117.482 -874.472 2075.73

32.36 -177.31 2056.62
37.229 -359.995 2047.11
41.605 -505.956 2038.24
56.8013 -727.819 2026.49
25.7753 -692.386 2008.9
-98.4006 -708.772 1932.66
-318.691 -673.922 1757.72
-502.146 -645.193 1609
-576.081 -710.546 1613.26
-652.65 -707.943 1533.17
-552.574 -744.172 1562.9
83.862 -689.762 2046.1
198.4 -694.867 2117.17
413.654 -655.104 2305.59
537.041 -627.857 2510.71
528.882 -678.748 2603.73
523.783 -706.076 2709.07
404.001 -649.352 2558.06
-55.0017 -177.9 2023.23
-84.7357 231.504 2034.51
-8.31988 611.492 1973.03
-178.977 696.84 1995.77
111.138 -176.779 2086.74
86.7658 227.079 2154.3
92.4734 619.527 2097.56
32.1527 693.223 2246.51
55.0838 -811.279 2033.7
15.3615 -845.268 2190.01
-2.92552 -881.933 2149.8
-32.0521 -873.35 2023.36
47.9717 -879.962 2166.58
133.356 -880.287 2062.8

30.9243 -172.497 2066.18
37.7292 -355.504 2054.62
42.872 -501.881 2046.42
53.8409 -724.378 2030.98
21.9451 -688.209 2016.28
-108.669 -701.279 1950.04
-338.099 -671.248 1784.98
-529.175 -646.724 1644.27
-595.088 -719.509 1657.19
-667.19 -695.429 1576.11
-586.514 -748.708 1601.46
83.0203 -686.84 2048.82
203.123 -692.238 2110.81
414.417 -654.424 2305.22
570.804 -622.2 2486.51
603.795 -666.017 2577.96
621.989 -680.278 2684.73
438.918 -643.942 2549.84
-59.154 -174.202 2040.13
-100.311 235.457 2045.82
-81.8236 624.798 1991.72
-242.84 706.229 2059.33
112.152 -170.96 2089.67
94.5461 234.518 2156.44
92.3927 628.7 2104.04
43.4268 703.162 2257.29
51.4698 -808.118 2037.39
16.6955 -829.341 2197.56
-2.74134 -869.307 2160.97
-35.9294 -871.133 2034.89
48.7875 -865.884 2175.96
131.113 -874.579 2069.63

22.1668 -170.156 2069.55
31.6799 -354.447 2058.56
39.1331 -501.826 2050.45
50.4337 -725.892 2033.86
17.1269 -689.638 2021.38
-118.659 -707.665 1964.99
-357.663 -674.202 1810.88
-556.705 -646.771 1679.01
-615.703 -727.154 1675.34
-708.142 -693.541 1621.85
-627.29 -746.438 1631.06
80.7808 -687.911 2049.8
205.432 -687.211 2104.85
425.355 -659.809 2294.61
609.229 -636.939 2452.41
632.374 -672.465 2551.12
660.697 -680.375 2657.17
491.682 -634.659 2540.43
-69.8895 -173.657 2048.57
-118.253 238.34 2048.54
-151.915 632.532 2023.07
-235.357 701.78 2184.08
105.178 -167 2088.47
95.881 241.894 2155.03
91.7403 638.559 2099.06
22.3064 715.652 2244.43
49.0123 -810.274 2040.35
41.6836 -853.264 2201.04
17.0192 -889.305 2162.88
-37.0097 -876.436 2043.84
70.645 -885.699 2169.69
134.787 -877.5 2050.31

13.9744 -166.816 2076.51
20.1452 -351.836 2069.93
25.052 -499.754 2064.76
30.9529 -724.484 2048.12
-2.04391 -687.455 2036.71
-140.76 -710.312 1989.1
-391.959 -679.34 1853.95
-601.382 -653.999 1737.78
-663.093 -728.199 1763.91
-749.677 -703.574 1696.94
-654.968 -759.179 1706.39
62.7093 -687.077 2062.97
188.734 -699.153 2114.13
430.133 -661.844 2274.77
632.711 -630.847 2406.96
675.91 -660.327 2501.05
719.641 -665.069 2602.18
526.234 -630.498 2514.13
-76.7695 -168.885 2049.59
-137.736 241.929 2066.83
-181.249 636.753 2061.33
-269.911 694.864 2224.42
95.8022 -164.95 2100.78
87.9437 246.608 2155.27
91.8981 643.865 2097.66
26.4466 725.515 2242.84
27.933 -808.982 2054.81
9.87337 -826.553 2219.74
-12.639 -868.203 2186.03
-58.8775 -874.061 2062.93
40.5749 -863.494 2195.68
112.48 -873.849 2080.67

-5.43617 -155.106 2086.05
0.712117 -337.205 2079.41
6.51435 -482.544 2070
19.3226 -700.426 2030.11
-15.2251 -664.509 2025.06
-154.842 -694.424 1994.15
-414.611 -678.808 1884.46
-630.738 -666.25 1787.95
-701.782 -733.885 1795.85
-799.812 -726.272 1745.59
-721.569 -754.971 1755.23
50.1784 -663.936 2046.32
173.058 -683.337 2097.18
419.027 -656.617 2244.11
626.279 -634.174 2363.09
677.849 -658.878 2452.3
733.643 -661.228 2545.37
653.251 -684.92 2471.62
-96.4501 -157.455 2066.19
-144.679 248.704 2075.91
-178.795 637.854 2059.23
-219.584 707.881 2232.69
76.6351 -152.988 2103.96
83.8518 252.993 2150.35
91.6381 644.97 2101.29
37.6175 719.169 2251.64
19.9366 -783.881 2028.11
-6.56562 -828.517 2183.91
-34.5864 -857.524 2143.35
-75.9589 -831.309 2023.41
17.3801 -864.594 2153.57
89.1832 -865.729 2040.56

-26.8917 -153.988 2090.43
-24.0122 -335.872 2083.69
-21.5821 -481.256 2077.73
-3.1783 -697.982 2035.76
-38.9112 -663.193 2032.03
-178.592 -698.027 2008.56
-444.8 -680.04 1917.4
-667.006 -665.281 1837.33
-744.712 -725.352 1834.82
-852.632 -719.448 1813.05
-779.261 -729.557 1802.97
26.9391 -660.716 2051.32
152.9 -677.991 2094.23
410.135 -654.797 2220.05
626.827 -635.162 2320.49
692.278 -657.917 2400.43
737.267 -659.833 2499
646.062 -680.09 2456.09
-117.682 -154.673 2070.12
-154.433 251.869 2085.07
-177.459 641.316 2071.18
-218.314 712.551 2243.79
54.9776 -153.37 2108.74
71.2843 252.166 2150.76
90.5535 642.504 2097.1
20.6078 723.597 2236.6
-0.0166132 -781.226 2033.06
-35.1731 -803.716 2191.62
-51.1559 -844.811 2155.32
-82.1359 -849.614 2029.83
-0.608006 -837.793 2170.86
82.917 -841.333 2066.54

-47.2438 -147.955 2085.85
-45.6979 -329.814 2082.02
-44.1639 -475.155 2077.34
-32.9576 -693.104 2040.26
-68.0548 -657.622 2037.63
-208.162 -695.523 2024.27
-480.26 -675.704 1953.84
-707.579 -659.691 1890.63
-783.269 -720.209 1906.38
-890.441 -713.497 1881.74
-824.621 -722.851 1868.18
-1.20737 -656.19 2053.05
126.353 -679.387 2087.26
394.189 -653.602 2187.37
619.225 -632.096 2266.41
692.794 -651.879 2339.7
751.248 -653.235 2430.86
632.921 -670.818 2408.65
-138.673 -148.378 2068.99
-165.281 258.521 2087.54
-173.535 648.268 2073.1
-233.701 715.454 2241.48
35.202 -147.575 2101.05
72.989 254.815 2155.03
92.4525 643.785 2094.02
49.3785 726.624 2242.91
-31.7751 -776.383 2039.62
-57.7194 -808.559 2198.16
-72.6196 -848.904 2160.65
-109.139 -850.011 2036.66
-22.0059 -839.143 2174.25
56.4383 -832.06 2066.34

-80.467 -146.227 2076.48
-78.653 -328.227 2074.37
-76.9961 -473.696 2070.99
-76.3387 -692.991 2039.78
-110.304 -656.299 2038.85
-252.749 -687.069 2032.95
-532.25 -674.28 1998.2
-766.172 -664.047 1963.95
-844.73 -721.787 1976.07
-951.711 -710.362 1952.01
-886.171 -726.436 1948.4
-42.3887 -656.913 2048.92
85.7623 -688.337 2073.27
363.384 -655.52 2139.44
596.084 -628.353 2189.8
670.704 -659.339 2258.08
736.47 -650.234 2343.72
666.387 -668.299 2290.95
-172.814 -147.018 2065.25
-179.219 260.701 2088.82
-171.379 650.518 2069.98
-212.504 692.653 2251.82
2.80676 -145.514 2086.59
54.8684 255.16 2143.35
91.9458 643.94 2087.92
50.6413 712.75 2244.4
-78.0994 -776.296 2041.6
-66.0126 -802.417 2203
-108.025 -829.442 2175.33
-177.041 -806.726 2068.32
-56.9148 -844.422 2172.35
-20.6003 -867.329 2045.76

-94.3729 -153.559 2074.64
-100.389 -336.319 2076.28
-104.643 -482.398 2072.41
-103.534 -703.144 2044.29
-137.982 -666.574 2044.41
-282.519 -690.539 2046.58
-564.797 -670.799 2033.91
-801.474 -654.786 2018.24
-875.744 -716.528 2038.58
-982.084 -712.818 2007.84
-910.281 -732.934 2006.63
-69.3514 -666.494 2051.33
62.2292 -687.433 2071.79
345.196 -649.862 2114.38
581.892 -618.842 2145.53
664.549 -659.534 2198.5
733.017 -646.49 2282.13
665.239 -675.304 2224.18
-187.255 -150.591 2064.68
-188.51 258.185 2100.48
-172.936 648.969 2071.58
-197.827 728.972 2244.36
-10.6169 -156.236 2083.61
43.3696 246.765 2135.52
90.185 637.399 2088.02
49.6471 721.764 2237.86
-104.489 -786.809 2047.42
-89.181 -806.837 2210.19
-131.955 -834.959 2184.29
-203.372 -816.154 2077.37
-80.6917 -850.202 2180.87
-46.7445 -878.139 2053.97

-115.301 -155.737 2063.45
-123.163 -340.235 2068.6
-129.293 -487.78 2066.44
-135.613 -710.721 2038.21
-169.409 -672.941 2040.76
-315.901 -692.119 2049.92
-601.669 -679.904 2058.23
-841.63 -670.016 2059.42
-891.628 -747.498 2097.35
-983.217 -692.578 2063.97
-943.695 -710.128 2006.12
-99.7731 -674.553 2042.82
34.3738 -693.028 2057.23
321.341 -647.5 2081.44
561.071 -609.684 2097.22
634.742 -680.766 2129.57
715.94 -630.504 2184.12
656.559 -665.96 2108.66
-209.607 -151.785 2061.09
-207.123 260.701 2102.25
-182.141 654.701 2069.18
-215.688 697.054 2255.49
-30.262 -159.302 2065.58
29.2283 247.301 2116.68
72.1754 643.809 2081.88
33.2864 701.439 2246.26
-138.406 -795.197 2041.5
-131.053 -809.227 2207.14
-159.018 -851.005 2178.3
-223.612 -858.405 2064.26
-105.037 -847.054 2179.52
-52.0537 -860.846 2055.39

-123.548 -158.761 2067
-136.456 -344.015 2069.5
-146.584 -492.03 2063.7
-151.583 -716.418 2037.16
-185.853 -678.935 2042.07
-333.49 -684.699 2059.83
-619.431 -673.169 2089.17
-859.877 -663.633 2108.95
-911.117 -719.456 2174.57
-991.75 -675.541 2109.59
-966.912 -716.316 2073.33
-115.873 -679.489 2038.87
20.5572 -690.719 2040.63
310.572 -648.484 2045.52
552.55 -613.443 2046.31
617.927 -693.762 2076.7
710.576 -634.239 2086.59
656.825 -666.008 2040.61
-218.214 -152.195 2064.75
-212.661 261.961 2110.84
-188.194 656.269 2060.32
-202.268 733.088 2239.02
-38.1828 -164.681 2069.03
6.43975 248.911 2085.05
44.583 647.241 2041.88
34.5552 697.717 2213.77
-152.818 -801.351 2041.16
-143.74 -801.859 2208.19
-182.584 -837.652 2183.59
-251.043 -838.419 2070.77
-129.087 -847.668 2183.95
-85.2968 -885.916 2060.57

-126.277 -158.278 2060.96
-138.878 -343.74 2063.78
-148.816 -491.937 2058.4
-153.518 -716.892 2034.79
-187.86 -679.421 2039.84
-335.066 -685.13 2061.94
-619.284 -671.52 2106.22
-858.452 -660.08 2139.15
-908.898 -715.344 2206.01
-999.559 -679.026 2149.97
-959.969 -720.701 2106.5
-117.874 -679.792 2035.39
18.6879 -690.85 2032.32
308.855 -649.876 2017.58
550.819 -616.018 2003.03
612.367 -696.432 2040.7
698.426 -627.302 2032.66
651.271 -675.759 1999.01
-221.064 -151.862 2059.33
-214.849 262.393 2108.23
-188.905 657.574 2062.23
-202.824 732.564 2241.93
-40.8035 -164.063 2062.44
2.63435 250.362 2067.77
38.3091 647.523 2010.25
45.3478 699.817 2181.94
-154.391 -801.858 2039.9
-147.914 -806.893 2207.15
-185.422 -843.028 2180.89
-252.128 -842.4 2066.86
-131.631 -851.632 2181.85
-84.8444 -885.199 2058.05

-129.296 -156.357 2053.66
-139.406 -341.993 2055.82
-147.605 -490.255 2049.15
-152.465 -713.752 2014.27
-186.705 -676.784 2022.65
-332.863 -682.625 2050.9
-610.345 -679.114 2127.9
-844.065 -675.903 2189.46
-906.708 -723.805 2251.52
-941.444 -672.765 2157.34
-938.838 -740.235 2145.34
-116.961 -676.521 2015.28
19.6938 -685.795 2010.5
309.851 -647.066 1990.14
551.67 -614.842 1970.19
617.296 -695.049 2000.77
707.816 -634.527 1980.91
635.165 -691.49 1963.3
-224.169 -151.173 2055.07
-214.208 263.843 2096.59
-188.055 660.585 2066.74
-204.057 705.662 2256.03
-43.7449 -161.03 2052.39
-1.53597 253.565 2048.34
30.6129 652.111 1998.65
59.693 705.759 2167.6
-152.811 -798.878 2015.05
-142.104 -795.88 2182.14
-178.848 -834.55 2158.54
-248.274 -841.673 2046.36
-124.759 -841.125 2158.5
-79.7438 -878.688 2035.18

-129.13 -163.067 2051.82
-134.591 -349.07 2053.84
-139.414 -497.431 2043.86
-139.787 -720.662 2005.74
-174.669 -684.702 2015.95
-319.583 -688.487 2050.88
-597.732 -683.284 2126.35
-832.447 -678.585 2184.82
-886.951 -729.014 2252.46
-958.318 -667.311 2190.79
-943.599 -722.117 2155.92
-105.213 -682.49 2006.01
31.2813 -686.865 1993.05
320.049 -645.909 1958.42
560.619 -611.861 1926.97
625.105 -691.165 1962.3
712.049 -625.949 1940.82
637.702 -691.847 1924.91
-224.123 -160.236 2055.63
-211.201 256.037 2086.13
-187.628 653.701 2062.09
-197.101 734.386 2239.81
-43.4701 -165.62 2048.38
-3.44435 249.49 2039.03
29.3707 649.217 1996.83
59.9569 713.981 2161.74
-137.901 -805.847 2005.24
-114.73 -797.888 2171.05
-153.885 -836.517 2151.47
-231.649 -845.651 2044.91
-100.034 -844.245 2147.65
-64.9918 -886.601 2022.53

-120.091 -164.665 2061.3
-124.823 -351.327 2065.5
-129.929 -500.161 2054.7
-126.445 -721.609 2003.66
-161.771 -687.224 2017.9
-305.593 -693.076 2058.85
-582.632 -688.908 2142.06
-816.543 -685.013 2207.07
-878.798 -734.558 2268.97
-949.408 -680.238 2199.26
-922.271 -732.532 2165.11
-92.8337 -682.344 2004.21
41.1388 -682.757 1972.5
330.222 -640.424 1933.42
571.042 -605.075 1898.57
634.114 -691.212 1918.16
716.968 -621.185 1893.78
653.541 -683.066 1878.31
-215.09 -162.056 2070.26
-206.297 256.353 2092.68
-187.753 655.256 2061.74
-196.381 736.986 2239.81
-34.4266 -167.018 2053.22
0.986386 249.926 2040.14
28.0159 651.359 1996.1
58.7498 713.346 2162.75
-122.277 -806.844 1998.11
-88.5215 -815.085 2162.71
-127.906 -852.983 2141.58
-212.429 -853.878 2039.27
-74.0253 -858.432 2133.64
-45.8889 -886.658 2002.4

-105.461 -164.506 2046.84
-109.373 -352.076 2051.4
-114.57 -501.469 2038.61
-113.566 -727.186 2003.89
-148.459 -691.448 2016.68
-292.746 -693.498 2058.98
-571.779 -688.731 2140.32
-807.285 -684.714 2203.92
-848.791 -717.805 2290.19
-914.639 -694.783 2200.45
-927.16 -734.742 2192.08
-79.634 -688.014 2000.48
55.3078 -682.371 1970.55
341.846 -638.314 1909.87
580.684 -601.627 1858.39
651.422 -680.916 1882.96
749.309 -627.529 1875.88
663.88 -675.876 1846.18
-200.589 -162.228 2058.89
-196.594 258.461 2077.38
-188.883 660.506 2060.91
-200.735 704.888 2252.55
-19.6797 -166.559 2035.98
5.64761 253.277 2028.75
22.2891 657.932 1991.69
61.2173 708.767 2161.32
-109.898 -813.033 2004.56
-64.9559 -838.049 2165.58
-103.181 -876.208 2142.14
-194.286 -871.366 2044.88
-49.4206 -876.697 2130.55
-27.8442 -887.291 1994.84

-92.3823 -162.536 2041.86
-93.8144 -349.129 2046.87
-97.2595 -497.747 2033.81
-97.0611 -722.271 1999.33
-131.663 -686.581 2011.94
-275.763 -694.306 2051.27
-549.818 -690.477 2143.36
-780.71 -687.278 2217.98
-833.278 -728.911 2293.18
-887.544 -703.523 2197.3
-870.427 -768.439 2194.6
-63.1431 -683.445 1996.03
71.1902 -682.488 1966.25
354.338 -635.778 1899.62
590.167 -596.928 1842.47
665.321 -672.23 1863.67
760.392 -617.832 1844.92
673.894 -657.592 1810.48
-186.921 -161.467 2054.63
-189.69 256.634 2079.84
-187.873 656.642 2064.38
-188.955 725.83 2247.77
-7.13307 -163.5 2030.34
11.286 254.498 2026.77
21.7184 657.608 1994.66
47.3512 713.839 2164.08
-93.7594 -807.673 2000.03
-41.4315 -832.654 2157.84
-82.8408 -868.684 2137.43
-178.441 -860.084 2045.88
-30.2331 -872.462 2122.91
-17.1984 -886.305 1987.15

-80.6182 -162.14 2039.23
-83.6645 -349.198 2043.21
-88.2465 -498.263 2031.45
-86.8187 -722.211 1990.22
-121.526 -687.157 2004.7
-262.657 -700.718 2053.48
-539.382 -698.953 2139.7
-773.07 -697.385 2207.29
-812.229 -722.599 2296.91
-872.634 -704.065 2202.82
-846.738 -746.261 2316.71
-53.2531 -682.881 1987.29
81.7024 -685.851 1958.92
364.025 -630.187 1892.46
599.171 -583.836 1835.47
673.736 -659.937 1857.26
767.922 -604.508 1835.65
682.069 -650.604 1808.98
-175.259 -160.308 2052.89
-183.53 258.831 2076.81
-187.368 659.748 2059.78
-182.904 732.468 2242.27
4.72397 -163.792 2026.92
17.7581 255.438 2022.93
22.754 659.672 1991.07
50.203 717.491 2160.15
-82.7247 -807.771 1988.3
-42.386 -829.326 2150.52
-80.5118 -867.358 2127.13
-168.789 -863.578 2027.77
-26.6468 -868.975 2116.97
-1.90035 -883.304 1982.56

-71.7564 -158.243 2032.23
-71.0782 -345.748 2032.08
-72.3667 -495.045 2018.67
-67.8906 -720.651 1984.79
-103.429 -685.345 1996.8
-249.961 -700.328 2026.42
-509.533 -677.622 2154.73
-712.106 -659.416 2289.1
-796.666 -714.786 2294.22
-862.781 -714.098 2201.88
-830.942 -730.177 2310.08
-34.4251 -681.098 1981.86
101.243 -686.898 1956.08
382.833 -624.845 1889.49
617.091 -573.41 1831.05
680.223 -657.162 1860.62
769.553 -597.314 1830.64
690.258 -653.227 1811.98
-166.694 -158.597 2045.3
-179.2 261.067 2072.92
-187.86 662.935 2061.84
-177.175 721.582 2249.5
13.8529 -157.923 2020.44
22.5092 262.292 2020.48
22.585 667.704 1992.96
62.1246 714.417 2163.46
-63.1612 -806.368 1985.82
-23.7092 -833.492 2147.78
-63.7549 -869.159 2123.59
-152.004 -858.854 2024.31
-9.93313 -873.197 2113.27
14.0152 -885.787 1978.25

-66.6577 -158.169 2028.25
-65.5381 -345.596 2029.57
-66.4383 -494.967 2017.69
-64.306 -721.132 1988.18
-99.3059 -685.347 2000.27
-243.095 -693.054 2042.95
-519.827 -700.722 2130.42
-753.612 -707.14 2198.83
-800.672 -750.695 2277.08
-852.8 -701.989 2188.78
-835.421 -733.158 2320.23
-30.6485 -681.911 1983.74
105.265 -678.371 1959.15
387.695 -621.866 1891.69
622.823 -574.905 1833.39
677.813 -661.088 1870.99
766.665 -603.745 1835.38
689.954 -657.771 1814.51
-161.544 -158.644 2041.42
-177.478 260.816 2067.88
-188.891 662.535 2059.94
-187.964 717.027 2249.07
18.9058 -157.741 2016.38
25.037 262.355 2017.76
22.8028 667.671 1991.25
60.0866 708.359 2163.72
-60.1607 -806.813 1990.8
-28.1714 -825.563 2155.5
-64.5231 -864.535 2130.64
-147.562 -863.424 2026.52
-10.0861 -865.5 2123.36
22.0364 -881.344 1990.45

-65.6121 -157.771 2027.85
-65.0201 -346.506 2031.18
-66.0803 -497.047 2020.71
-61.9301 -724.558 1989.27
-97.5307 -688.9 2001.54
-242.156 -700.118 2044.38
-519.594 -702.013 2136.66
-753.948 -703.631 2209.45
-794.244 -753.422 2288.68
-847.287 -711.411 2196.53
-840.467 -737.142 2329.16
-28.3348 -684.751 1985.27
108.285 -685.465 1958.89
391.772 -625.494 1889.64
627.822 -575.666 1830.02
686.993 -657.885 1872.12
774.805 -597.024 1837.29
700.637 -655.593 1815.59
-161.437 -157.875 2039.05
-178.277 263.791 2075.58
-188.564 668.318 2064.38
-189.995 729.997 2252.75
20.7973 -157.678 2017.76
25.9561 265.396 2021.79
23.0055 673.656 1996.23
58.977 720.152 2168.86
-57.0658 -810.828 1991.27
-23.0224 -826.045 2157.15
-58.6982 -866.721 2133.07
-143.147 -869.703 2028.9
-3.92876 -866.265 2125.3
27.8078 -883.513 1991.46

-61.5438 -156.285 2024.2
-59.6955 -343.601 2027.51
-60.3034 -492.729 2013.56
-54.7014 -718.26 1980.6
-90.1716 -683.258 1993.5
-234.115 -695.916 2034.2
-508.044 -698.182 2129.99
-739.256 -700.001 2206.57
-784.006 -743.013 2286.4
-834.366 -718.914 2187.61
-834.046 -729.584 2318.88
-21.7406 -678.443 1976.51
112.252 -680.638 1943.13
396.822 -625.062 1885.11
634.101 -578.736 1836.22
700.35 -662.447 1857.64
787.69 -597.469 1833.34
709.181 -660.106 1819.44
-156.553 -157.012 2036.11
-175.492 261.263 2074.01
-187.694 662.498 2056.87
-187.073 727.153 2242.67
24.13 -155.63 2013.46
26.9176 264.32 2015.1
22.1425 669.406 1988.09
62.6673 715.852 2158.28
-49.1357 -803.854 1981.89
-22.4909 -825.341 2147.13
-55.509 -865.6 2119.85
-134.362 -866.328 2012.59
-0.891773 -863.245 2114.74
37.1824 -873.487 1982.92

-61.4099 -161.135 2017.36
-58.0451 -349.111 2018.95
-56.9445 -499.197 2010.87
-49.7067 -727.384 1995.82
-85.3866 -691.64 2006.66
-230.397 -702.462 2046.04
-506.473 -701.713 2138.74
-739.149 -701.256 2213.61
-777.017 -740.354 2299.26
-833.114 -702.403 2207.71
-805.072 -740.95 2337.25
-17.1239 -687.604 1987.86
116.482 -686.506 1951.03
397.341 -624.031 1878.46
631.467 -572.019 1817.25
697.808 -656.024 1839.18
789.079 -596.062 1814.63
710.098 -655.075 1805.49
-156.139 -162.694 2033.41
-174.04 257.466 2067.16
-188.584 660.364 2061.42
-180.736 712.252 2251.75
24.0117 -159.729 2002.88
27.3377 261.597 2012.1
21.826 668.555 1993.03
70.5706 705.594 2164.04
-43.2307 -812.852 2003.83
-17.5959 -839.261 2169.12
-51.7357 -878.047 2140.67
-130.528 -873.932 2032.86
3.13305 -877.055 2135.73
41.45 -885.076 2003.32

-50.6986 -157.14 2020.57
-48.0474 -344.076 2021.04
-48.6092 -492.762 2005.84
-39.1696 -717.106 1969.21
-75.0278 -683.092 1983.2
-217.863 -696.573 2026.29
-484.632 -694.344 2138.94
-710.037 -692.456 2229.84
-750.78 -738.827 2309.67
-817.539 -706.661 2224.05
-803.645 -739.665 2335.29
-7.12584 -676.674 1965.27
126.156 -675.041 1930.26
405.11 -619.901 1851.47
637.385 -574.022 1784.22
706.877 -651.656 1815.02
799.887 -596.228 1789.24
716.89 -649.139 1769.9
-144.866 -158.435 2036.73
-167.624 258.977 2072.03
-187.366 659.185 2058.21
-176.031 713.21 2246.61
34.2163 -155.972 2006
32.0428 263.053 2011.7
21.7174 667.39 1988.22
55.3044 703.83 2161.91
-31.9378 -802.402 1969.01
3.12618 -831.602 2131.1
-34.8308 -867.906 2105
-119.929 -858.355 2003.43
19.235 -869.987 2096.37
47.7657 -878.897 1962.36

-36.6161 -159.478 2016.53
-31.2654 -346.466 2017.83
-30.3801 -494.975 2000.22
-25.5858 -719.283 1961.66
-60.4476 -684.828 1977.12
-201.31 -696.872 2026.93
-462.675 -696.883 2152.03
-684.298 -696.83 2252.17
-719.084 -745.804 2333.33
-802.411 -716.486 2262.37
-754.288 -728.793 2379.85
6.93044 -679.278 1956.91
139.991 -675.479 1920.91
417.381 -617.079 1838.37
648.323 -568.467 1767.98
715.947 -650.807 1789.57
799.124 -589.965 1747.35
718.783 -642.35 1732.43
-130.671 -162.052 2033.51
-162.515 254.242 2077.04
-188.952 654.28 2062.48
-183.339 711.475 2250.32
48.1969 -157.157 2001.22
39.4393 261.906 2013.07
22.3205 666.574 1995.88
62.2743 701.498 2168.65
-19.6502 -804.724 1960.61
23.1204 -830.881 2121.47
-17.4539 -866.49 2098.44
-107.592 -856.558 2001.25
35.9937 -870.755 2087.01
56.9216 -884.248 1951.9

-26.5651 -160.357 2014.22
-19.0485 -347.561 2010.58
-16.7711 -495.931 1989.99
-13.2355 -720.297 1949.38
-47.8026 -685.823 1965.72
-188.378 -697.359 2017.21
-434.504 -701.312 2171.02
-642.953 -704.505 2297.07
-689.576 -753.743 2372.11
-768.163 -724.336 2295.69
-740.556 -754.993 2396.98
19.3685 -680.272 1944.42
152.833 -676.179 1909.05
425.14 -616.404 1810.34
651.361 -566.709 1725.39
719.764 -643.672 1760.85
792.526 -575.262 1711.14
730.923 -640.778 1703.59
-120.248 -164.497 2033.69
-157.448 252.148 2076.59
-193.814 652.112 2062.38
-175.333 709.773 2249.6
57.9129 -156.624 1996.66
45.9271 263.051 2009.57
24.6345 668.277 1993.77
64.2077 706.656 2166.22
-7.55076 -805.889 1947.49
44.5282 -821.804 2107.25
1.95205 -858.105 2089.19
-93.894 -852.977 1996.9
54.6172 -864.304 2074.92
67.0998 -887.586 1939.86

-15.1594 -161.209 2010.74
-6.22549 -347.734 2004.61
-2.63892 -495.639 1984.06
1.91531 -719.612 1945.18
-32.2727 -685.509 1962.59
-168.614 -697.292 2023.3
-413.225 -702.068 2177.89
-621.117 -706.035 2303.45
-651.455 -756.999 2385.01
-737.289 -728.235 2317.11
-693.265 -759.247 2421.05
33.7209 -679.372 1938.62
165.244 -672.995 1898.25
430.907 -609.448 1787.17
652.007 -556.551 1693.24
720.907 -634.233 1725
782.208 -564.348 1663.92
729.831 -632.832 1666.69
-108.229 -166.348 2031.49
-148.735 247.208 2087.25
-185.702 645.46 2063.24
-173.138 706.27 2249.35
68.7658 -156.574 1992.04
52.3482 261.597 2008.31
25.4365 665.356 1994.26
64.8423 699.254 2167.13
8.51836 -804.893 1943.72
58.4104 -828.516 2102.7
17.3283 -864.797 2081.91
-76.9054 -857.064 1988.71
70.2125 -868.639 2068.25
85.4255 -883.615 1932.71

-7.37436 -160.005 2005.57
2.12746 -345.949 1998.38
5.93585 -493.255 1976.59
11.2278 -716.417 1936.8
-22.7071 -682.731 1955.08
-156.491 -696.547 2019.89
-387.813 -705.339 2192.25
-583.914 -712.647 2334.26
-602.584 -761.521 2420.15
-675.049 -742.054 2335.86
-670.85 -756.1 2451.42
42.4912 -676.027 1929.7
171.82 -670.257 1883.81
428.184 -607.747 1754.02
640.921 -555.872 1643.46
715.047 -624.079 1683.19
772.705 -555.085 1618.23
720.39 -628.927 1625.62
-99.9986 -165.567 2026.99
-142.562 245.189 2092.41
-184.357 641.129 2058.52
-168.123 705.844 2242.45
76.149 -154.99 1986.27
56.0691 261.919 2001.13
25.1087 664.235 1986.14
72.4351 696.698 2156.76
18.403 -801.405 1934.85
67.2768 -820.319 2094.28
29.6766 -859.739 2073.07
-63.0773 -859.916 1978.59
82.7689 -859.389 2060.32
101.299 -873.562 1925.48

3.43106 -163.332 2004.06
15.9972 -348.51 1996.41
22.5522 -495.563 1976.74
21.7848 -718.523 1939.47
-10.1845 -684.229 1959.63
-140.723 -699.546 2029.49
-352.722 -713.853 2223.51
-530.724 -725.855 2386.27
-543.131 -770.502 2475.19
-621.495 -740.57 2400.21
-527.341 -786.553 2505.17
52.9564 -678.817 1929.73
179.572 -672.312 1877.99
423.413 -601.613 1731.37
625.35 -542.933 1606.53
712.495 -602.865 1628.17
775.775 -536.83 1566
706.101 -604.208 1571.19
-88.3725 -170.516 2027.17
-128.048 233.039 2123.74
-179.622 624.785 2072.99
-180.699 692.463 2255.94
86.2144 -156.854 1983.21
59.524 258.085 2005.49
22.9959 658.921 1998.27
73.9859 693.611 2166.81
27.5533 -803.37 1938.04
120.306 -811.946 2077.02
79.1833 -852.637 2069.97
-36.4359 -859.105 2006.62
126.205 -852.911 2042.54
105.56 -875.468 1909.59

10.6838 -162.478 1996.86
21.2864 -348.592 1985.8
26.7379 -496.383 1965.39
32.9719 -721.167 1932.58
0.209201 -687.422 1953.07
-128.428 -700.062 2028.46
-332.409 -716.574 2232.89
-505.659 -730.347 2402.4
-526.79 -797.7 2474.35
-584.006 -727.512 2406.58
-531.629 -803.375 2523.58
62.5523 -680.386 1921.04
186.908 -675.05 1862.25
420.616 -594.728 1701.64
614.156 -528.183 1565.42
698.013 -595.451 1580.28
772.579 -532.103 1527.5
692.171 -589.667 1523.22
-81.5702 -169.133 2020.41
-119.134 230.317 2141.36
-178.413 621.109 2076.93
-163.323 707.803 2252.17
93.8734 -156.477 1975.63
64.4713 260.584 1996.07
25.1631 663.258 1986.87
61.6084 697.247 2160.27
41.8006 -806.215 1932.72
136.9 -804.945 2071.45
99.2438 -849.405 2065.29
-16.6263 -866.847 2003.01
146.064 -845.859 2037.17
125.985 -871.867 1904.02

10.3413 -166.766 1982.02
20.143 -352.882 1974.38
25.0198 -500.965 1957.5
31.9474 -726.745 1935.11
-0.325987 -692.324 1955.11
-129.928 -704.563 2028.54
-306.816 -700.526 2256.96
-433.289 -696.92 2463.84
-510.98 -754.065 2492.73
-583.968 -724.641 2411.67
-523.574 -782.554 2513.22
60.7444 -686.408 1920.67
181.654 -677.714 1855.78
406.848 -598.328 1683.58
593.681 -532.503 1538.44
681.382 -592.832 1558.93
739.771 -530.351 1488.09
677.763 -594.227 1500.44
-81.5161 -172.622 2006.85
-111.853 221.229 2145.26
-172.274 615.594 2116.24
-146.972 702.104 2290.14
93.1732 -161.485 1959.63
63.031 254.546 1988.45
23.6124 656.844 1990.25
76.7052 693.74 2158.46
41.4602 -811.534 1938.95
136.743 -827.819 2076.36
98.3251 -870.56 2065.31
-17.835 -878.7 2002
145.09 -864.651 2037.63
124.296 -874.869 1902.62

10.0419 -168.346 1994.45
20.7457 -353.989 1985.68
24.1321 -500.887 1962.06
31.8606 -725.541 1933.94
0.120608 -691.942 1955.84
-122.817 -704.814 2039.33
-327.863 -709.862 2242
-373.724 -709.767 2479.63
-461.964 -749.638 2506.46
-555.152 -717.141 2451.94
-465.254 -785.175 2450.27
59.7979 -684.718 1919.54
176.837 -673.08 1848.85
392.23 -591.269 1666.55
571.198 -523.344 1513.51
650.817 -593.369 1534.99
680.092 -525.913 1452.08
648.08 -597.348 1473.8
-80.7561 -174.888 2022.12
-111.762 219.723 2155.61
-155.852 616.416 2163.93
-130.521 696.518 2340.43
91.9184 -162.446 1969.51
63.3133 253.313 1990.72
26.1506 655.008 1987.73
71.1644 696.478 2156.85
42.0795 -810.151 1935.34
136.377 -811.814 2073.98
100.017 -856.813 2065.97
-14.8033 -874.744 2002.78
146.672 -850.995 2038.29
127.754 -872.257 1904.57

8.29436 -170.877 1998.2
17.8322 -355.611 1987
20.9582 -501.981 1964.3
28.1223 -726.065 1939.95
-3.36607 -692.198 1961.25
-128.5 -698.572 2040.94
-366.457 -648.564 2193.5
-457.878 -617.559 2414.24
-432.246 -700.818 2463.39
-540.031 -680.354 2487.09
-475.303 -740.868 2431.47
55.9976 -685.727 1924.91
169.519 -680.63 1849.09
363.311 -597.26 1646.52
524.345 -528.09 1476.79
610.271 -591.279 1491.72
655.482 -530.611 1411.42
598.796 -596.678 1435.28
-81.698 -177.271 2027.03
-98.2014 209.413 2179.12
-133.579 603.955 2211.2
-88.2007 662.377 2391.19
89.4444 -165.112 1972.2
61.9894 248.86 1992.94
25.7392 648.819 1991.49
90.5711 693.026 2152.42
38.1154 -810.282 1942.71
139.959 -810.762 2074.95
100.542 -853.378 2071.7
-18.3063 -866.863 2016.62
145.489 -852.244 2041.23
117.224 -879.303 1910.88

4.46326 -169.164 2000.49
12.8776 -353.133 1988.56
14.8283 -498.676 1964.46
18.9844 -721.485 1936.63
-11.6191 -687.746 1958.9
-134.595 -696.382 2040.56
-361.562 -647.938 2207.45
-398.951 -637.233 2444.2
-364.915 -726.814 2471.38
-458.68 -678.537 2508.4
-359.983 -760.47 2454.31
46.9458 -681.398 1921.81
157.275 -676.498 1842.37
339.579 -593.539 1630.91
491.156 -524.627 1453.98
572.511 -593.257 1467.16
609.611 -525.753 1388.81
567.154 -592.817 1407.29
-85.159 -175.13 2029.28
-96.6987 207.692 2186.78
-131.297 601.648 2202.07
-92.7029 668.328 2379.88
85.2795 -163.784 1974.53
60.3805 248.66 1994.38
26.3172 647.128 1991.68
90.5368 692.906 2151.58
28.016 -805.49 1937.9
133.999 -795.878 2065.59
94.4874 -838.169 2067.21
-25.7742 -855.231 2017.79
138.157 -839.836 2035.35
105.357 -877.128 1909.25

-5.31163 -167.048 2029.42
-0.240751 -346.312 2013.58
-2.0702 -487.699 1986.72
4.27024 -701.999 1941.61
-25.788 -671.362 1966.2
-144.797 -715.853 2034.51
-381.957 -610.054 2136.14
-238.744 -615.477 2321.18
-208.682 -626.224 2412.96
-216.929 -598.996 2307.7
-196.439 -658.465 2441.73
30.9799 -661.501 1930.25
135.291 -681.008 1850.56
303.358 -601.642 1635.64
443.036 -535.842 1455.81
522.167 -603.263 1467.62
545.527 -525.76 1397.37
517.948 -600.614 1409.55
-90.4257 -172.508 2063.95
-98.5051 211.211 2190.06
-132.764 595.525 2203.98
-90.0374 681.617 2366.77
71.4395 -162.125 1998.29
55.5272 241.111 2000.26
24.9146 629.607 1981.54
110.409 696.836 2117.28
14.0335 -783.658 1935.99
138.936 -804.989 2037.18
98.4818 -844.406 2037.54
-26.5814 -846.514 2010.7
134.426 -840.446 1999.12
77.8664 -847.935 1879.85

-16.2533 -167.382 2052.81
-14.4696 -347.872 2032.08
-17.3358 -490.454 2004.52
-18.4324 -705.518 1953.23
-46.5511 -674.653 1980.59
-163.311 -709.65 2060.19
-328.846 -640.619 2277.06
-255.172 -665.287 2500.11
-169.652 -687.172 2542.82
-175.593 -648.425 2440
-115.621 -672.55 2519.55
8.69295 -664.921 1941.22
112.269 -683.625 1858.4
276.178 -604.181 1636.93
412.221 -538.272 1451.57
491.896 -606.973 1460.55
508.335 -530.429 1385.92
473.176 -611.677 1407.8
-102.879 -172.042 2085.93
-106.143 214.843 2214.47
-132.794 603.504 2207.79
-81.9821 676.042 2376.77
61.8611 -163.18 2022.94
53.6814 243.959 2017.56
31.7767 636.174 1990.9
110.847 691.726 2137.44
-10.7585 -787.931 1944.9
109.822 -804.658 2054.26
71.8775 -847.048 2050.73
-51.9439 -856.589 2015.45
110.15 -839.273 2014.54
61.3798 -846.317 1890.54

-29.537 -166.473 2068.43
-28.3997 -347.268 2043.49
-28.3064 -491.403 2020.81
-38.8569 -708.172 1973.61
-64.1352 -675.956 2002.54
-171.191 -699.281 2099.4
-323.548 -652.476 2332.89
-237.239 -637.879 2553.43
-146.263 -607.547 2575.95
-100.264 -600.529 2475.68
-96.3303 -608.981 2527.68
-11.562 -668.352 1958.75
85.7186 -672.85 1865.93
245.381 -596.988 1638.49
380.196 -532.714 1450.27
449.37 -613.094 1448.27
451.459 -523.645 1386.62
425.588 -611.621 1397.11
-119.017 -170.626 2094.46
-114.016 216.229 2228.8
-132.803 606.356 2203.47
-96.2251 685.015 2374.36
51.1515 -162.728 2044.97
45.8129 246.121 2031.49
29.626 639.648 1995.31
98.6931 695.404 2147.67
-33.9343 -791.268 1966.24
87.7791 -803.784 2076.02
51.9724 -848.244 2071.56
-71.6872 -863.697 2035.66
89.9964 -837.706 2035.45
41.5987 -844.93 1910.67

-50.1515 -162.212 2087.14
-51.2096 -340.44 2058.93
-51.8623 -483.064 2037.28
-49.2596 -699.691 2001.41
-76.4725 -667.956 2028.06
-191.332 -701.865 2109.08
-333.444 -645.606 2343.1
-207.235 -619.003 2539.05
-113.324 -596.413 2526.54
-52.537 -528.915 2465.76
-89.8283 -573.271 2546.81
-24.3575 -659.602 1985.08
69.5779 -670.992 1891.59
204.018 -600.638 1650.59
329.308 -534.377 1459.94
392.886 -617.23 1450.42
388.653 -519.433 1406.16
369.478 -609.648 1400.12
-140.349 -164.696 2106.22
-124.251 219.539 2232.96
-125.41 605.569 2205.9
-70.0161 678.912 2371.6
31.1833 -159.973 2069.94
37.6879 243.816 2047.14
32.1336 631.857 1999.05
98.7006 697.426 2146.23
-39.5734 -781.687 1998.37
93.2174 -794.214 2091.24
46.5359 -820.702 2109.25
-79.6035 -803.383 2094.07
76.473 -838.819 2069.6
2.0807 -874.542 1965.91

-66.631 -163.242 2093.21
-66.2725 -340.468 2063.22
-65.1815 -482.572 2041.89
-54.503 -698.756 2010.32
-80.3481 -667.954 2038.99
-178.089 -723.13 2129.25
-252.15 -748.226 2396.46
-182.002 -743.418 2619.32
-89.7985 -717.186 2634.24
-103.093 -640.576 2558.04
-114.553 -634.602 2577.02
-33.7966 -657.997 1990.71
49.7587 -673.152 1889
188.668 -597.338 1653.56
303.836 -534.427 1456.64
340.312 -628.25 1428.73
362.775 -527.387 1400.93
319.927 -610.708 1386.48
-154.635 -167.814 2119.17
-128.41 217.785 2234.56
-125.649 602.881 2217.7
-39.5604 685.52 2363.94
12.726 -159.119 2069.8
21.6889 242.55 2039.47
11.5003 628.153 1985.26
121.702 697.005 2100.46
-40.7457 -779.863 2007.87
84.4434 -795.621 2109.31
35.6866 -819.374 2124.76
-87.7577 -796.944 2100.84
67.1623 -839.856 2087.82
-1.5776 -875.006 1980.75

-77.0287 -159.925 2104.65
-77.7327 -335.422 2072.5
-76.7391 -476.64 2052.44
-75.7973 -690.944 2017.57
-100.256 -659.687 2046.34
-196.155 -708.097 2140.67
-324.78 -634.095 2373.82
-211.71 -609.728 2574.88
-148.338 -651.651 2634.04
-91.1609 -594.866 2562.04
-110.603 -556.428 2607.6
-53.2284 -651.166 1998.95
28.7403 -673.081 1898.46
156.05 -605.137 1656.65
269.126 -544.716 1459.83
312.488 -636.334 1437.98
343.037 -545.85 1391.49
299.099 -635.029 1409.28
-165.021 -163.897 2128.26
-145.149 221.508 2234.86
-141.321 602.333 2197.95
-48.5 695.26 2331.56
2.31777 -156.343 2083.37
11.1795 242.706 2058.23
-11.3864 622.086 1987.07
80.7338 702.896 2108.3
-65.8562 -771.947 2013.89
60.2136 -797.026 2110.34
13.1389 -824.941 2122.09
-110.567 -805.092 2102.68
44.8323 -837.887 2082.57
-23.0193 -859.177 1972.51

-85.6381 -165.281 2101.72
-83.0571 -341.723 2073.76
-80.672 -482.967 2052.65
-79.3499 -697.383 2016.68
-104.419 -666.181 2045.09
-196.1 -713.216 2144.47
-330.179 -631.823 2372.47
-211.184 -619.439 2571.56
-166.091 -643.156 2653.43
-101.836 -602.347 2576.52
-109.582 -561.575 2608.61
-56.2668 -657.502 1998.74
28.029 -683.754 1901.02
146.191 -606.385 1656.97
244.034 -542.221 1452.92
268.244 -636.957 1418
310.104 -542.76 1391.77
256.944 -632.968 1394.21
-174.107 -170.077 2123.82
-144.891 219.833 2212.4
-131.541 595.383 2137.66
-56.8878 700.086 2274.27
-5.86136 -160.956 2081.8
-11.1228 238.606 2055.21
-49.3118 616.036 1977.78
24.0958 710.964 2101.85
-69.4662 -778.496 2012.79
46.9114 -816.725 2117.15
-2.80603 -841.674 2124.05
-123.147 -812.101 2096.46
30.9249 -855.208 2086.36
-29.6099 -866.879 1970.54

-106.473 -176.114 2095.18
-99.8536 -350.044 2067.72
-94.8697 -488.974 2044.96
-86.9792 -701.787 2019.87
-110.085 -670.659 2048.87
-189.878 -712.401 2157.62
-316.996 -628.948 2384.27
-210.438 -588.818 2583.05
-194.574 -553.787 2670.03
-117.19 -515.908 2607.05
-126.138 -497.887 2582.3
-68.1564 -662.506 1997.94
5.17856 -689.39 1894.16
109.978 -611.932 1648.48
205.596 -542.658 1448.8
246.698 -631.136 1417.67
271.572 -541.298 1369.56
227.143 -625.702 1387.64
-190.665 -184.202 2126.12
-146.53 207.786 2153.37
-102.877 576.291 2081.99
-38.8002 660.352 2233.86
-30.5525 -168.821 2067.29
-48.2129 224.869 2040.74
-106.418 595.633 1970.28
-15.7808 714.155 2052.25
-73.79 -781.377 2018.91
41.6307 -827.639 2117.53
-5.76947 -856.045 2119.13
-125.692 -830.447 2093.81
28.8762 -861.212 2081.18
-28.1689 -858.19 1965.07

-114.357 -176.913 2093.29
-109.707 -349.62 2052.51
-103.93 -488.421 2023.51
-91.7639 -702.398 1996.45
-113.363 -671.846 2027.74
-183.85 -710.625 2145.04
-307.405 -627.43 2376.17
-228.522 -579.404 2587.66
-176.624 -577.919 2668.19
-112.262 -517.265 2607.05
-119.405 -514.477 2562.36
-75.9746 -662.204 1973.03
-10.3946 -670.624 1860.1
85.8501 -600.709 1606.45
165.98 -542.476 1394.77
193.344 -636.008 1360.92
200.798 -530.607 1359.02
232.572 -651.18 1391.73
-193.433 -189.14 2136.06
-195.527 207.861 2168.65
-203.049 585.803 2123.6
-145.86 702.403 2257.32
-43.0504 -165.887 2054.73
-61.0921 231.421 2042.25
-131.995 604.183 1978.91
-36.7883 730.886 2044.44
-76.2104 -782.136 1993.9
43.1608 -820.479 2093.12
-4.64254 -848.463 2098.9
-126.132 -824.15 2075.22
28.9151 -857.369 2060.16
-32.485 -864.455 1945.37

-115.103 -175.837 2089.48
-110.278 -348.524 2048.58
-105.334 -486.978 2017.77
-96.7986 -700.359 1985.07
-117.4 -670.312 2017.5
-178.924 -714.017 2138.08
-242.51 -657.215 2399.52
-76.5498 -666.998 2559.61
-37.3554 -733.773 2616.06
-15.7436 -677.055 2527.3
7.38384 -780.597 2521.13
-80.8256 -659.804 1962.4
-17.7754 -666.374 1847.91
71.8637 -592.12 1593.04
145.638 -530.716 1379.94
163.236 -626.009 1344.53
190.962 -524.367 1352.92
173.272 -647.993 1388.16
-194.105 -188.199 2132.35
-208.218 208.02 2171.22
-227.268 586.473 2134.37
-174.274 701.159 2271.45
-43.8636 -164.688 2050.81
-63.8507 232.545 2038.01
-137.646 604.687 1974.14
-41.5922 730.67 2039.87
-82.4693 -780.225 1980.22
48.3988 -814.148 2065.6
2.31828 -843.236 2077.12
-121.686 -822.308 2067.19
31.476 -851.854 2034.9
-42.3818 -862.118 1927.96

-114.445 -168.099 2076.45
-108.809 -339.126 2035.25
-106.187 -475.093 1999.12
-100.215 -683.764 1951.19
-118.093 -656.445 1986.86
-148.634 -707.253 2114.82
-133.275 -695.467 2386.77
-0.156164 -683.74 2572.51
-9.28979 -732.956 2653.25
26.4991 -690.542 2562.23
26.7707 -801.714 2525.04
-86.1774 -641.974 1930.47
-33.0829 -642.645 1812.09
41.3378 -558.388 1558.06
173.472 -465.372 1391.99
168.902 -543.638 1326.29
224.015 -468.144 1373.65
168.651 -589.263 1391.4
-192.453 -181.004 2119.35
-226.146 208.63 2174.49
-262.876 582.95 2142.74
-215.72 691.878 2284.41
-44.1018 -156.463 2037.76
-68.8352 237.151 2027.23
-144.911 606.44 1969.57
-33.6375 723.659 2022.42
-86.4065 -762.322 1939.67
71.3757 -752.272 1951.31
47.2101 -796.383 1974.11
-65.5835 -820.931 2022.24
53.7623 -791.078 1923.22
-54.5877 -819.98 1858.93

-114.887 -168.366 2072.32
-108.495 -339.116 2031.75
-104.68 -475.126 1997.12
-95.1085 -684.287 1954.29
-113.233 -656.512 1989.33
-137.386 -707.529 2118.23
-76.3015 -721.544 2382.95
67.6707 -726.08 2560.09
22.0651 -746.209 2640.71
90.928 -744.289 2559.67
62.2072 -850.852 2535.88
-82.0184 -642.848 1932.52
-30.4458 -648.509 1813.91
26.2382 -589.1 1549.18
120.701 -515.098 1351.55
108.842 -601.671 1298.81
166.215 -518.473 1325.6
114.647 -636.443 1349.19
-192.525 -181.511 2115.41
-234.602 205.915 2174.02
-278.914 578.784 2144.84
-234.65 685.532 2288.56
-44.8769 -156.513 2033.48
-72.4382 236.025 2022.32
-149.604 604.478 1966.34
-38.039 721.719 2017.29
-79.9317 -762.657 1944.6
75.7196 -736.253 1954.43
56.7993 -783.259 1976.07
-51.6932 -821.067 2024.79
61.8917 -775.756 1925.41
-43.5989 -813.996 1861.82

-112.303 -159.959 2042.28
-101.056 -322.796 2001.72
-94.8148 -452.217 1965.79
-92.2506 -653.096 1926.65
-105.249 -625.919 1961.69
-122.881 -668.895 2088.19
-87.0578 -673.292 2346.2
21.2541 -674.217 2536.14
17.8391 -718.536 2615.29
101.466 -736.332 2559.91
51.6959 -807.123 2539.14
-81.9786 -613.792 1903.92
-45.2557 -626.031 1786.14
44.8096 -568.714 1543.11
118.826 -521.162 1339.91
63.9438 -586.268 1291.92
144.468 -532.971 1318.4
111.63 -651.021 1353.81
-180.277 -177.052 2092.05
-239.179 190.682 2153.22
-303.538 545.537 2158.85
-259.181 653.656 2291.27
-51.0078 -144.547 1997.41
-80.391 231.309 1995.87
-148.998 587.936 1964.93
-48.1032 712.871 1989.73
-79.5409 -728.395 1916.7
65.7066 -685.443 1914.07
54.2453 -729.943 1940.01
-41.9298 -772.944 1996.44
55.6312 -727.119 1890.82
-43.3801 -780.922 1840.24

-100.715 -164.059 2053.58
-85.0862 -319.73 1991.54
-83.5576 -441.018 1933.31
-82.4358 -626.998 1847.53
-88.6403 -609.636 1889.94
-73.0065 -668.387 2010.31
-53.7793 -685.812 2269.71
62.0313 -701.242 2454.71
25.6843 -692.593 2537.52
112.183 -740.751 2561.8
53.3407 -807.968 2540.4
-78.5738 -582.822 1833.28
-67.3841 -581.145 1709.73
26.2337 -525.338 1467.49
178.344 -478.059 1313.47
137.847 -528.396 1240.04
202.871 -489.821 1305.79
146.486 -598.036 1334.22
-155.803 -193.214 2112.86
-238.936 162.208 2209.8
-341.757 507.42 2232.8
-271.993 604.138 2363.23
-51.0397 -137.768 2000.12
-83.0521 238.132 1999.43
-168.494 591.722 1972.93
-44.8079 696.578 1960.83
-69.5304 -696.803 1817.54
76.1905 -660.906 1796.18
65.5626 -710.317 1811.46
-22.0545 -763.076 1873.45
57.9491 -694.181 1765.48
-53.589 -727.879 1724.24

-92.4959 -168.016 2070.33
-86.779 -319.526 1998.32
-82.2126 -440.65 1940.75
-79.9324 -638.051 1888.3
-80.5881 -613.853 1927.55
-59.0355 -671.488 2047.15
-1.59188 -667.79 2300.69
105.485 -658.581 2490.6
38.3105 -690.132 2542.56
126.387 -726.055 2578.44
60.3375 -783.543 2531.25
-82.0026 -597.073 1866.52
-89.9029 -612.197 1743.97
-0.487424 -559.66 1500.2
73.5179 -515.841 1296.65
37.4119 -595.442 1253.34
109.385 -527.836 1268.66
156.144 -616.308 1332.87
-102.534 -204.9 2147.13
-195.752 133.173 2284.55
-310.099 454.622 2399.3
-171.252 537.42 2469.53
-83.4439 -134.757 2001.08
-108.82 240.485 1990.58
-197.853 593.164 1992.49
-69.8032 686.701 1958.55
-66.4747 -711.108 1868.6
75.058 -693.378 1818.5
62.1564 -740.661 1837.76
-16.9391 -780.991 1917.41
47.6812 -724.898 1793.47
-72.4677 -746.023 1775.77

-92.4608 -169.868 2077.57
-84.865 -321.919 2008.2
-81.5381 -443.571 1952.72
-83.9037 -641.732 1906.09
-81.0881 -616.512 1944.41
-63.0375 -687.866 2056.45
-4.34697 -728.636 2305.54
129.024 -750.762 2475.91
98.4577 -681.55 2525.2
135.286 -746.395 2593.8
40.5656 -809.343 2541.02
-87.8835 -601.518 1883.49
-105.368 -629.867 1764.75
-18.3231 -566.295 1523.71
53.4976 -513.325 1322.35
32.0724 -598.038 1279.72
107.635 -533.562 1272.46
152.152 -611.636 1332.18
-91.8994 -205.334 2155.37
-150.751 121.028 2331.32
-234.753 432.719 2487.89
-87.8718 512.776 2541.54
-92.9671 -137.888 2007.41
-102.057 236.435 1986.68
-174.599 591.622 1981.83
-48.3028 688.031 1952.18
-72.282 -715.111 1887.43
68.4101 -689.74 1839.8
59.8709 -733.987 1866.72
-18.1351 -768.824 1949.38
46.1694 -728.05 1820.02
-69.3741 -765.977 1802.5

-92.3897 -171.565 2078.72
-84.7135 -324.876 2008.94
-81.1332 -447.534 1953.15
-83.4218 -648.353 1911.07
-80.495 -621.989 1949.05
-59.6186 -684.703 2066.89
20.8029 -682.557 2315.37
158.626 -674.364 2485.63
92.8846 -660.496 2547.02
161.805 -724.279 2587.16
73.9054 -772.561 2523.89
-87.5525 -608.399 1887.32
-105.99 -635.071 1767.33
-36.4583 -550.259 1524.86
51.475 -477.867 1334.32
38.2526 -559.952 1282.46
122.68 -508.193 1266.04
136.017 -589.962 1334.05
-91.6366 -207.23 2157.16
-128.51 115.871 2350.58
-192.072 426.214 2524.94
-37.9056 495.189 2578.1
-93.0689 -139.405 2007.98
-100.911 237.928 1987.66
-171.852 596.351 1982.99
-44.1854 693.006 1953.05
-71.6776 -722.737 1894.05
64.0164 -699.186 1830.04
58.8741 -742.076 1860.58
-10.1923 -772.515 1953.63
40.1741 -739.116 1814.93
-76.9566 -779.184 1811.9

-91.6078 -169.671 2065.29
-83.9688 -324.814 1999.23
-85.8938 -449.149 1946.82
-89.4753 -650.762 1907.65
-87.2063 -623.83 1945.34
-67.9091 -671.516 2070.43
-18.2376 -637.461 2324.85
147.856 -604.614 2464.46
113.887 -653.183 2533.65
165.952 -708.561 2602.02
103.016 -723.952 2507.9
-92.531 -611.086 1883.18
-105.951 -622.893 1760.04
-57.7651 -522.451 1518.05
99.4072 -450.102 1378.6
63.9033 -491.538 1297.08
150.872 -514.342 1252.2
134.136 -580.9 1336.73
-86.3783 -203.19 2144.62
-101.922 118.423 2344.1
-152.093 427.135 2526.35
5.58564 494.267 2571.61
-96.3235 -139.445 1993.77
-94.7838 238.65 1979.51
-170.132 596.568 1984.58
-42.2406 693.557 1955.75
-78.1647 -725.604 1892.03
67.9881 -709.781 1853.25
52.1453 -757.944 1868.55
-34.3243 -800.516 1939.94
41.4228 -738.857 1824.19
-78.357 -754.634 1796.42

-90.754 -173.466 2060.25
-84.1629 -334.608 1997.75
-82.9726 -463.628 1948.03
-83.8611 -672.967 1926.15
-82.2749 -642.065 1962.22
-72.7716 -682.699 2094.38
-19.1391 -615.556 2348.13
127.962 -557.236 2507.89
129.65 -639.426 2552.13
176.573 -713.742 2609.13
116.293 -686.319 2500.82
-87.1751 -634.708 1897.58
-104.885 -644.835 1771.72
-74.9953 -553.044 1516.38
-9.86145 -477.719 1311.6
-27.8915 -562.256 1260.3
54.5239 -505.228 1236.67
104.64 -562.108 1322.48
-84.4399 -205.124 2142.54
-97.2822 129.409 2338.91
-146.555 449.819 2519.17
22.4159 502.765 2559.57
-96.4478 -144.919 1986.04
-92.5984 242.554 1973.28
-174.366 608.174 1984.67
-35.3329 695.057 1952.36
-71.2282 -750.616 1917.06
57.8061 -806.032 1984.5
16.3397 -840.494 1978.38
-105.843 -829.594 1970.77
46.2376 -826.159 1940.04
-22.2542 -793.666 1838.12

-94.0244 -169.896 2062.6
-87.7707 -341.697 2023.38
-85.6502 -479.132 1992.08
-81.2505 -693.027 1975.47
-80.6971 -660.53 2011.4
-67.3618 -678.906 2150.85
-38.2367 -577.453 2402.77
143.675 -503.145 2520.83
167.028 -586.755 2559.85
173.515 -681.472 2608.76
135.943 -631.983 2506.12
-85.3198 -654.902 1945.28
-93.0021 -652.399 1815.55
-105.84 -518.411 1571.97
31.9577 -413.332 1417.5
4.68577 -468.147 1335.32
48.5955 -501.177 1245.87
88.0796 -527.008 1344.73
-91.6711 -189.869 2150.46
-73.3138 165.697 2323.09
-151.396 506.57 2466.99
12.0544 577.913 2516.79
-96.1466 -151.886 1983.39
-91.7001 243.137 1970.45
-177.495 615.126 1987.39
-37.5365 698.209 1937.08
-66.3994 -772.073 1968.42
75.6336 -827.032 2013.48
35.7156 -864.358 2004.89
-89.4471 -863.76 2010.71
60.6566 -840.443 1966.46
-22.1667 -796.578 1877.1

-89.3201 -176.188 2042.73
-85.1463 -349.872 2006.37
-84.2848 -488.811 1977.53
-80.9705 -704.087 1960.14
-77.1935 -671.426 1996.15
-49.3038 -684.919 2134.96
-7.64769 -576.741 2384.27
149.983 -479.84 2522.16
175.956 -559.808 2568.08
176.146 -653.488 2620.82
157.072 -609.924 2509.81
-87.887 -665.674 1930.31
-108.572 -658.345 1801.32
-156.82 -546.332 1549.12
-109.292 -445.598 1343.69
-120.443 -526.929 1281.23
-86.9668 -523.482 1181.06
-96.4189 -557.948 1302.74
-80.1983 -194.475 2131.12
-58.5861 171.143 2287.65
-150.278 516.359 2419.24
6.69341 606.465 2463.75
-97.5457 -159.697 1963.03
-88.8508 238.009 1955.38
-178.665 610.928 1984.14
-40.7784 703.359 1941.11
-66.5724 -783.614 1951.58
85.9595 -830.914 1959.07
48.0867 -863.296 1983.94
-65.3033 -844.791 2035.98
54.4465 -861.603 1932.34
-60.129 -850.87 1871.1

-93.2806 -179.718 2034.08
-86.8969 -356.305 2006.9
-82.7351 -497.527 1985.31
-75.4084 -713.787 1962.72
-70.6058 -681.605 1999.51
-32.031 -699.791 2136.27
25.6382 -575.838 2377.09
174.369 -474.491 2524.15
191.661 -552.199 2578.68
181.771 -642.02 2638.34
177.032 -605.449 2512.37
-84.6656 -674.629 1933.92
-111.081 -673.799 1804.81
-155.036 -546.826 1556.7
-117.799 -467.356 1338.31
-142.023 -551.304 1282.09
-139.883 -522.555 1179.64
-166.994 -538.447 1271.32
-80.8458 -193.045 2123.61
-44.0864 182.615 2259.51
-151.444 533.54 2370.51
1.45483 638.207 2400.68
-104.494 -167.699 1953.34
-86.4948 232.584 1946.75
-179.994 607.05 1980.46
-41.3291 701.413 1939.22
-59.5546 -793.322 1951.59
93.1248 -844.164 1945.82
57.6086 -873.469 1977.85
-49.4485 -847.354 2041.06
57.9844 -876.443 1925.55
-63.5877 -867.977 1876.69

-93.1868 -178.121 2017.52
-86.5882 -354.736 1986.61
-82.3092 -495.986 1962.03
-73.7019 -712.655 1936.48
-69.0351 -680.821 1973.82
-28.561 -700.313 2110.39
30.3123 -586.281 2356.9
180.031 -486.47 2505.32
188.612 -557.498 2570.59
179.805 -638.687 2642.28
183.04 -618.298 2514.16
-83.2525 -673.033 1908.11
-111.056 -674.076 1778.82
-177.743 -572.674 1522.97
-157.06 -496.73 1300.26
-182.519 -564.263 1225.01
-117.33 -509.229 1160.74
-180.13 -545.723 1194.66
-80.9273 -193.342 2107.11
-39.1781 185.068 2238.1
-149.65 538.418 2342.93
6.3704 640.337 2370.61
-104.242 -164.396 1936.73
-85.7576 237.349 1939.17
-177.723 612.543 1983.36
-34.5791 699.513 1938.71
-57.333 -792.224 1924.25
92.5081 -852.719 1922.4
56.5681 -874.336 1959.94
-46.7285 -831.759 2021.35
54.7483 -885.773 1908.65
-68.4114 -877.914 1862.48

-94.647 -177.59 2010.07
-88.0961 -353.515 1978.09
-85.4638 -494.291 1952.86
-81.7381 -710.155 1924.59
-76.2333 -679 1962.21
-43.0365 -696.044 2100.64
-47.0131 -564.489 2344.54
58.3147 -441.706 2511.69
109.673 -511.095 2554.98
157.606 -593.717 2606.17
148.13 -549.86 2518.75
-90.5083 -670.081 1896.85
-119.823 -669.915 1768.25
-199.131 -571.294 1515.8
-186.135 -490.544 1294.9
-219.299 -564.896 1230.21
-147.728 -511.7 1171.95
-214.353 -537.627 1191.15
-82.5457 -193.363 2099.33
-46.4199 197.276 2184.78
-159.448 559.207 2243.67
-15.4122 678.747 2259.95
-105.559 -163.367 1929.58
-86.231 237.188 1936.02
-177.029 611.386 1981.66
-34.4996 701.084 1942.64
-67.2132 -789.681 1911.3
83.837 -838.839 1884.11
56.0112 -863.656 1926.07
-38.6159 -830.008 2004.04
46.8601 -874.217 1875.53
-81.9767 -874.562 1849.69

-92.4397 -175.41 1989.53
-85.0743 -349.764 1954.22
-82.4367 -489.337 1926.42
-82.3892 -703.33 1892.48
-75.2791 -673.416 1930.52
-29.6862 -708.999 2060.94
38.6362 -680.867 2326.64
96.1102 -657.241 2549.61
69.8489 -733.295 2602.16
108.86 -783.362 2689.34
62.3137 -783.619 2561.28
-91.5212 -662.624 1866.26
-127.224 -663.552 1739.96
-234.322 -586.832 1491.76
-234.879 -510.911 1269.99
-263.861 -590.061 1209.98
-186.341 -524.605 1179.29
-264.618 -546.286 1172.35
-79.8512 -192.788 2077.96
-37.7103 195.542 2161.92
-144.665 557.674 2218.59
-11.0763 683.088 2255.74
-103.791 -159.74 1909.79
-86.7458 238.681 1925.61
-175.648 610.321 1979.04
-36.4658 703.429 1939.69
-69.3871 -782.244 1876.69
81.3946 -833.893 1858.95
53.8416 -850.89 1904.48
-40.7607 -804.795 1974.7
44.9261 -870.387 1856.91
-83.2181 -876.518 1831.63

-85.3683 -174.692 1976.78
-72.5522 -346.818 1932.93
-64.8376 -484.839 1898.87
-75.8989 -701.008 1888.16
-62.9501 -667.727 1921.6
-11.4735 -682.558 2053.86
64.834 -647.308 2316.59
199.063 -601.359 2499.54
153.025 -657.835 2562.23
126.931 -721.503 2645.3
120.441 -703.767 2527.09
-87.1048 -662.797 1859.11
-138.299 -664.904 1738.25
-310.122 -608.722 1523.03
-295.977 -550.512 1296.36
-332.297 -638.81 1256.42
-262.67 -564.331 1227.35
-293.028 -561.196 1183.01
-50.1249 -192.937 2058.69
-0.651818 202.708 2085.37
-111.795 564.883 2133.66
10.824 675.154 2221.84
-117.149 -158.241 1902.92
-84.6504 239.528 1911.53
-171.922 610.04 1975.13
-32.9618 707.517 1947.01
-67.536 -781.636 1879.33
80.3821 -843.155 1887.34
44.037 -859.009 1926.7
-58.546 -807.759 1980.21
42.6104 -877.044 1877.74
-79.0321 -873.986 1829.8

-80.5494 -174.716 1993.51
-69.8391 -346.233 1949.21
-63.6775 -483.75 1914.84
-68.8123 -697.996 1888.13
-56.7408 -667.065 1923.84
-7.4553 -690.614 2055.13
-21.6428 -672.156 2329.04
92.0232 -651.311 2528.73
131.133 -715.46 2588.15
180.197 -770.383 2666.44
145.412 -757.193 2581.04
-81.0914 -658.188 1862.12
-134.155 -658.66 1742.54
-313.688 -590.966 1538.49
-278.006 -524.422 1317.38
-322.492 -599.704 1262.7
-232.334 -562.486 1222.09
-308.323 -562.265 1218.86
-42.3242 -193.041 2073.7
17.6336 197.985 2119.46
-65.9527 564.531 2178.68
84.8404 671.182 2203.49
-115.019 -158.191 1921.2
-87.7162 238.666 1924.16
-173.292 609.726 1978.04
-37.0269 706.794 1940.53
-58.2987 -777.207 1873.36
90.743 -830.81 1851.82
63.6151 -848.714 1897.03
-28.8048 -803.358 1969.86
53.6955 -866.434 1849.15
-74.4702 -869.402 1825.66

-66.8656 -178.827 1987.16
-58.348 -349.342 1947.56
-53.3333 -485.998 1917.05
-58.4548 -698.602 1900.9
-42.5324 -666.36 1932.92
27.3671 -682.457 2053.65
127.899 -656.896 2304.52
211.169 -635.769 2515.55
141.689 -682.111 2559.97
169.168 -739.516 2644.93
150.389 -750.276 2576.78
-74.4377 -660.626 1875.3
-132.732 -663.124 1760.04
-284.125 -592.388 1539.61
-310.835 -526.151 1320.21
-333.13 -598.21 1251.77
-260.772 -536.703 1208.56
-343.168 -568.529 1228.14
-17.4829 -193.382 2060.46
50.8593 189.923 2115.89
4.28337 555.211 2191.12
139.567 673.899 2152.64
-111.396 -165.701 1921.06
-100.654 227.003 1919.86
-156.288 598.793 1973.97
-33.7275 709.459 1936.52
-48.8249 -777.304 1888.54
97.1484 -826.403 1853.91
73.5368 -847.665 1898.78
-13.2226 -809.546 1979.58
60.8144 -861.83 1851.08
-66.975 -864.917 1836.02

-43.1388 -177.917 1995.99
-38.1836 -349.558 1962.08
-39.1588 -487.657 1939.56
-37.4383 -700.524 1932.36
-19.3306 -666.426 1961.02
64.1218 -670.765 2073.65
169.68 -650.041 2322.51
257.874 -632.791 2531.56
184.64 -670.268 2578
167.809 -728.996 2664.64
169.527 -734.527 2571.34
-57.7271 -664.334 1907.35
-127.668 -666.507 1798.96
-248.471 -592.434 1561.83
-360.167 -533.153 1369.2
-378.714 -626.803 1334.1
-364.567 -546.537 1269.18
-374.098 -616.582 1270.47
18.3223 -188.802 2060.07
59.3308 196.875 2121.95
35.9699 559.152 2217.34
144.309 682.13 2134.16
-98.561 -168.102 1938.2
-100.751 224.097 1928.16
-154.459 596.029 1979.67
-40.3775 713.572 1937.68
-26.0982 -779.184 1922.04
110.485 -831.806 1863.48
94.4796 -852.212 1911.89
23.8088 -811.646 2005.85
73.487 -866.349 1867.27
-54.8586 -866.556 1874.35

-25.7223 -178.135 2002.06
-24.4373 -350.974 1977.1
-26.0243 -489.537 1960.08
-25.4139 -702.034 1957.1
-5.85389 -667.53 1984.1
80.7717 -674.781 2093.76
196.344 -636.241 2335.27
311.548 -596.387 2526.81
252.911 -641.728 2585.04
189.218 -689.421 2654.72
227.021 -694.461 2560.83
-46.7204 -666.339 1932.45
-119.593 -669.453 1826.37
-254.158 -595.306 1597.55
-368.325 -533.936 1407.65
-422.294 -619.114 1396.15
-394.017 -570.576 1308.67
-385.732 -616.131 1295.66
41.2524 -186.082 2060.52
76.8967 199.827 2118.59
47.1585 561.452 2211.34
151.787 688.647 2130.7
-86.1164 -170.97 1949.34
-94.0146 219.874 1928.95
-154.938 588.64 1988.34
-56.3198 713.678 1932.6
-14.8929 -780.758 1947.85
118.255 -841.325 1890.02
98.6924 -863.505 1936.14
28.5679 -823.461 2030.37
78.2805 -872.42 1890.07
-49.4557 -861.313 1893.05

