80.9334 -139.211 2031.56
76.336 -312.482 2000.04
80.7582 -452.342 1984.02
112.677 -662.044 2015.15
128.598 -628.281 1984.34
212.977 -657.779 1875.08
382.731 -687.405 1663.49
391.517 -682.527 1434.67
376.812 -640.701 1350.55
376.505 -609.32 1248.56
366.551 -626.911 1316.82
87.8867 -626.083 2036.82
19.4121 -638.842 2146.43
-83.5546 -615.693 2403.67
-221.585 -597.509 2589.18
-253.672 -611.116 2685.45
-286.026 -634.288 2782.48
-266.539 -613.038 2694.28
148.77 -130.359 1973.02
138.441 264.805 1968.06
170.968 636.65 2026.51
71.0386 771.474 1948.66
19.7625 -147.194 2084.36
8.64953 246.503 2113.16
65.1724 618.894 2175.55
-37.4511 745.405 2126.21
114.233 -742.611 2018.84
-27.0943 -768.036 1951.32
8.36564 -810.424 1952.27
132.974 -822.069 1955.26
-17.8497 -794.724 1993.89
59.6782 -784.923 2097.01

71.4536 -137.575 2037.91
65.5859 -310.089 2006.18
67.913 -449.31 1988.89
90.2229 -659.512 2019.43
107.942 -626.479 1989.1
192.377 -659.071 1881.46
380.561 -707.994 1691.47
384.051 -699.575 1463.49
400.181 -669.57 1375.1
345.846 -599.682 1316.25
344.675 -640.224 1340.72
66.8034 -622.733 2040.83
-3.62696 -630.638 2149.07
-93.6432 -610.82 2410.28
-212.036 -589.538 2607.55
-248.911 -614.992 2699.18
-282.006 -637.227 2795.76
-269.122 -621.305 2706.57
139.54 -129.258 1980.11
123.79 264.041 1967.08
165.172 634 2022.57
61.9056 772.254 1957.87
10.0572 -145.075 2090.03
4.86816 247.9 2107.7
64.7052 618.464 2169.02
-36.1516 748.427 2127.93
88.2514 -739.777 2022.78
-57.4715 -799.249 2008.06
-15.3898 -832.666 1996.04
101.536 -816.87 1955.65
-28.6155 -820.454 2044.23
74.6957 -787.665 2113.97

63.2843 -132.182 2029.07
58.7848 -305.102 1991.18
64.4151 -445.913 1977.69
77.5074 -659.673 2001.61
98.2394 -625.975 1973.3
187.063 -644.916 1864.28
369.697 -705.5 1668.81
346.847 -679.733 1441.19
323.633 -630.799 1362.44
323.943 -564.163 1278.4
350.626 -626.344 1323.03
54.0805 -622.489 2023.29
-26.3281 -618.723 2126.05
-76.1176 -606.471 2400.78
-196.863 -589.25 2599.46
-229.509 -614.496 2693.73
-267.106 -626.754 2791.46
-268.056 -619.877 2702.48
142.823 -124.925 1986.5
108.206 269.484 1952.75
149.818 639.665 2026.56
62.8101 779.491 1940.22
-8.43909 -138.726 2067.45
-8.76357 257.722 2047.86
61.0766 615.38 2168.13
-43.2285 747.599 2138.01
72.4079 -740.593 2001.8
-70.6372 -809.867 1988.46
-26.5379 -843.406 1992.56
95.5618 -834.478 1963.49
-46.3073 -817.599 2033.02
47.3581 -759.285 2101.85

58.4931 -128.415 2017.11
56.3003 -301.172 1982.07
62.1453 -441.665 1972.59
71.823 -654.154 2000.47
93.0648 -621.469 1971.73
180.71 -647.059 1863.95
360.929 -702.821 1666.52
330.289 -681.633 1440.39
307.827 -638.649 1358.53
310.567 -582.171 1267.96
289.693 -611.298 1339.27
49.0069 -616.378 2021.27
-28.0795 -620.814 2125.8
-66.7769 -605.865 2400.92
-187.705 -580.99 2597.44
-226.636 -607.6 2688.39
-264.233 -624.661 2784.88
-229.194 -615.428 2696.65
141.942 -122.682 1983.63
105.866 267.942 1932.66
138.554 639.631 1993.53
39.6331 770.542 1907.83
-16.7565 -133.585 2047.31
-5.68896 250.072 1953.32
44.1043 570.363 2155.51
-22.0182 726.754 2142.19
65.5045 -734.606 2002.17
-79.8013 -796.706 1986.63
-37.3417 -832.091 1988.65
84.2944 -826.897 1959.16
-55.6495 -807.677 2030.33
40.4287 -757.199 2100.92

51.2809 -128.683 2006.32
51.7761 -297.477 1961.99
58.8118 -435.86 1945.68
61.8898 -646.262 1974.38
83.7098 -614.746 1945.58
157.22 -650.244 1832.04
295.55 -727.616 1613.06
236.863 -752.046 1395.27
279.705 -681.756 1349.49
304.29 -597.161 1291.08
279.364 -643.134 1344.6
40.6771 -608.054 1994.94
-34.2745 -622.395 2098.51
-31.7361 -606.757 2373.48
-162.843 -571.81 2558.89
-202.443 -604.453 2646.37
-255.354 -605.153 2735.78
-207 -617.674 2652.19
135.648 -121.101 1978.38
87.6477 261.767 1911.56
92.0797 634.725 1942.4
-19.2236 760.76 1869.53
-24.7971 -135.52 2031.5
-9.15796 243.874 1937.47
37.2143 612.4 2008.67
12.3983 746.865 1910.02
53.1071 -725.655 1976.55
-87.6807 -794.997 1967.72
-44.5024 -827.293 1977.22
76.6881 -822.194 1951.44
-65.0938 -797.051 2012.96
25.329 -731.544 2075.88

48.6747 -128.292 2004.61
48.8976 -296.094 1960.33
55.1528 -433.538 1942.47
52.2786 -643.38 1966.13
75.0947 -611.988 1938.43
143.617 -644.889 1821.98
255.527 -711.731 1586.89
180.757 -729.044 1374.72
240.054 -669.866 1332.82
294.082 -595.041 1282.52
260.498 -642.169 1338.96
32.0203 -605.307 1987.27
-45.1146 -616.037 2088.76
-90.1259 -553.44 2351.58
-250.68 -498.521 2504.58
-248.962 -515.212 2604.03
-245.053 -527.464 2706.54
-246.712 -539.345 2611.5
132.609 -120.871 1976.91
81.7617 259.645 1911.51
79.0256 631.105 1934.39
-26.7973 751.394 1847.55
-27.0124 -134.983 2029.59
-16.2483 238.395 1920.95
20.2534 612.126 1941.83
-25.135 720.346 1822.08
41.3934 -722.092 1966.36
-103.551 -777.595 1947.81
-64.0108 -813.94 1956.77
57.4897 -818.081 1936.08
-83.3246 -784.406 1993.39
9.10626 -731.539 2063.43

39.1239 -132.24 1996.98
39.0991 -299.863 1954.1
43.8381 -436.552 1933.44
39.1396 -646.481 1948.94
61.9083 -614.353 1922.31
124.681 -642.922 1802.04
214.603 -685.37 1553.17
127.404 -672.129 1346.25
164.54 -597.146 1304.78
229.791 -522.115 1271.7
167.762 -561.677 1329
19.5407 -609.179 1971.68
-55.6007 -623.801 2073.7
-106.635 -565.807 2335.61
-283.941 -485.324 2453.81
-262.283 -504.378 2550.14
-247.463 -515.026 2651.51
-262.542 -529.288 2560.68
122.76 -125.134 1969.15
51.9521 250.252 1899.79
21.0141 619.997 1896.75
-88.8792 748.077 1829.45
-36.2948 -138.647 2022.07
-2.07631 224.284 1889.69
58.6499 593.647 1911.42
2.23427 722.447 1821.03
27.5113 -724.798 1946.25
-119.451 -776.477 1942.12
-80.0655 -813.831 1941.78
37.0331 -816.934 1904.45
-93.4965 -788.213 1983.43
8.48548 -744.048 2045.03

24.3877 -125.333 2012.52
20.7643 -299.199 1986.79
22.4448 -438.864 1971.22
31.3069 -652.28 1959.35
42.9815 -615.072 1930.85
91.9852 -620.484 1798.9
147.629 -619.013 1532.35
76.2515 -657.3 1318.64
148.46 -617.71 1271.5
234.791 -573.757 1227.32
136.963 -561.621 1296.43
18.6665 -618.918 1992.42
-23.9486 -649.187 2111
-110.111 -583.258 2366.36
-308.288 -508.172 2459.38
-280.029 -509.4 2557.55
-248.504 -504.744 2657.23
-260.021 -528.387 2563.56
90.9265 -117.854 1952.61
-6.62132 251.425 1853.96
2.36975 627.963 1870.33
-127.45 758.764 1859.6
-35.6133 -132.077 2066.54
-9.51016 198.594 1853.81
90.8267 562.309 1906.54
25.3852 705.035 1841.79
22.3143 -731.729 1950.07
-133.608 -757.822 1958.95
-101.877 -800.156 1943.36
8.71099 -811.927 1886.48
-104.991 -783.869 1992.14
12.1962 -772.768 2045.17

35.2568 -135.089 1998.38
16.5936 -315.223 1983.01
10.554 -460.104 1973.77
24.0751 -679.574 1949.94
26.3739 -639.661 1920.02
47.3291 -641.813 1775.92
73.8747 -627.403 1496.02
-34.5703 -620.448 1286.21
43.293 -604.051 1228.84
144.041 -603.448 1184.48
70.07 -567.979 1244.55
19.4431 -646.841 1987.85
12.3916 -686.458 2115.64
-57.9424 -645.912 2390.76
-267.483 -569.5 2477.4
-270.025 -520.263 2570.81
-252.526 -491.989 2673.77
-262.526 -512.989 2577.13
65.8069 -130.776 1910.76
-32.9947 260.158 1849.6
4.99463 648.055 1846.09
-147.034 758.381 1879.85
7.70839 -138.978 2077.39
-24.9198 196.23 1848.16
124.261 559.421 1879.3
23.1128 699.021 1845.92
15.5285 -761.708 1939.63
-148.04 -755.549 1941.97
-124.077 -800.042 1915.56
-11.7713 -821.471 1855.5
-126.374 -795.555 1968.58
-8.40256 -823.385 2024.48

16.9091 -126.924 1966.43
-0.334846 -303.49 1949.48
-3.88088 -445.577 1939.61
3.65972 -661.864 1925.6
11.5597 -624.01 1895.57
48.5608 -627.101 1757.68
55.3735 -548.424 1493.17
-43.7729 -528.111 1284.76
25.7939 -571.803 1234.72
121.065 -603.528 1195.12
61.1748 -576.059 1228.9
-4.67168 -628.197 1960.67
-26.355 -669.356 2083.52
-127.371 -571.814 2327.23
-311.908 -488.105 2445.49
-275.757 -499.503 2541.87
-258.074 -506.099 2646.28
-273.491 -511.63 2557.23
48.1624 -121.775 1881.03
-42.7996 264.222 1829.49
-1.72218 644.047 1840.05
-142.605 760.858 1879.14
-11.2733 -131.566 2043.44
-29.9596 203.368 1826.53
121.447 556.345 1867.01
14.0375 687.763 1838.08
-6.53207 -742.382 1917.14
-165.335 -759.928 1901.67
-132.946 -788.762 1866.37
-17.0304 -773.447 1817.74
-139.528 -802.21 1916.41
-24.9744 -829.672 1973.44

-2.73584 -111.604 1932.21
-10.6902 -284.732 1903.05
-12.7127 -423.568 1881.59
-4.55627 -637.149 1874.04
1.79357 -600.718 1842.99
21.746 -606.772 1703.72
-25.7345 -565.491 1438.87
-119.678 -589.924 1232.04
-71.7021 -580.069 1150.8
-98.9546 -584.288 1047.99
-108.138 -571.355 1099.24
-11.5554 -602.932 1907.89
-28.8433 -632.78 2032.77
-144.72 -530.602 2263.13
-313.11 -448.834 2399.11
-283.528 -485.103 2489.9
-252.71 -516.808 2584.72
-294.21 -515.792 2502.21
33.1539 -99.5338 1850.76
-59.7985 281.973 1814.18
-0.0701472 653.134 1841.04
-142.125 765.138 1877.55
-35.0992 -122.487 2005.66
-41.7172 215.512 1803.41
107.969 558.657 1873.4
-14.8608 669.067 1834.01
-14.4582 -716.819 1868.57
-127.635 -696.633 1759.75
-114.838 -748.503 1773.39
-13.0408 -806.223 1816.99
-142.793 -717.606 1803.66
-101.208 -721.917 1925.77

0.286972 -117.079 1919.75
-14.48 -289.675 1884.81
-21.9589 -428.191 1858.06
-21.6526 -640.717 1825.22
-16.441 -600.85 1798.01
-7.7392 -585.856 1657.48
-87.6935 -574.797 1395.92
-191.59 -601.765 1192.8
-148.681 -570.034 1113.75
-201.756 -559.398 1021.42
-192.401 -566.189 1058.24
-24.8889 -610.373 1863.44
-39.3893 -650.957 1986.37
-172.412 -544.16 2207.02
-325.166 -451.891 2356.27
-287.965 -481.362 2447.34
-257.288 -500.433 2546.15
-310.812 -503.947 2473.59
25.4478 -101.941 1834.34
-70.2402 281.828 1805.88
0.453822 653.397 1829.48
-145.056 759.381 1874.51
-22.4016 -130.73 1996.77
-43.5973 220.968 1815.76
108.008 569.935 1859.28
-28.4905 668.194 1829.93
-34.7133 -719.358 1811.37
-193.73 -726.247 1811
-167.723 -740.057 1764.02
-58.0661 -710.129 1710.66
-169.61 -771.118 1805.42
-52.5861 -820.231 1832.55

-0.501153 -131.066 1914.34
-17.7328 -308.27 1886.2
-18.5765 -450.838 1865.25
-12.1865 -668.125 1835.91
-16.0251 -628.059 1807.06
-32.7901 -610.818 1664.65
-125.905 -570.081 1404.6
-255.242 -586.452 1209.88
-245.042 -574.901 1113.82
-287.126 -582.225 1013.35
-279.924 -580.632 1072.9
-8.36552 -636.278 1874.12
13.7948 -697.654 1989.86
72.2873 -694.83 2268.25
-104.531 -630.178 2412.71
-153.432 -550.088 2459.26
-205.28 -488.13 2529.89
-169.899 -506.209 2403.38
11.2578 -117.85 1823.93
-73.9472 276.753 1798.84
0.654906 654.697 1830.74
-146.583 761.999 1882.05
-11.1047 -142.983 1995.87
-39.9493 232.36 1849.12
110.212 591.374 1882.96
-33.3548 670.637 1824.37
-23.2697 -749.364 1826.49
-180.718 -771.82 1859.1
-154.47 -812.305 1829.6
-53.7884 -816.515 1750.54
-147.93 -805.741 1881.61
-19.7711 -809.535 1914.54

-4.42748 -131.663 1909.45
-21.7669 -309.483 1883.27
-19.5717 -452.483 1863.63
-6.41073 -671.287 1848.21
-10.5392 -633.158 1816.75
-24.2153 -621.528 1673.18
-139.17 -583.035 1421.12
-267.703 -581.22 1224.69
-267.909 -582.246 1127.23
-310.423 -591.23 1026.87
-286.786 -585.791 1088.31
-4.52875 -636.963 1884.49
10.1766 -659.919 2014.77
-43.7405 -603.662 2288.9
-192.833 -579.496 2472.48
-222.78 -484.863 2506.54
-254.013 -402.593 2568.28
-161.051 -485.512 2399.43
3.58592 -119.036 1818.38
-74.1733 278.162 1799.13
0.118598 656.65 1833.54
-146.72 764.031 1887.03
-11.6535 -143.049 1991.57
-36.9581 240.46 1864.64
107.64 602.557 1897.88
-30.9507 677.729 1823.21
-15.0194 -753.389 1843.64
-171.684 -737.91 1802.79
-143.887 -782.697 1782.04
-21.557 -808.813 1753.45
-160.012 -779.538 1832.34
-63.516 -815.434 1915.92

-9.37235 -136.795 1885.05
-20.643 -316.942 1869.85
-17.93 -460.779 1853.3
-14.7866 -678.802 1820.96
-28.6464 -638.64 1795.04
-78.9184 -633.963 1658.97
-167.665 -556.785 1404.23
-298.085 -547.652 1208.37
-312.014 -588.444 1120.61
-378.852 -571.876 1035.21
-326.899 -572.945 1077.96
-0.0766823 -646.743 1856.58
57.5472 -712.706 1957.36
101.434 -594.689 2214.02
-34.8305 -520.688 2395.2
-92.4826 -472.124 2468.68
-186.12 -439.677 2511.2
-145.104 -480.024 2389.49
-41.8529 -127.49 1798.86
-79.3829 277.232 1796.2
1.40206 655.802 1828.72
-146.867 762.313 1882.11
19.9168 -145.187 1962.77
17.433 260.83 1964.67
96.5543 644.222 1993.67
-16.7929 710.045 1877.71
-25.9845 -760.731 1814.56
-166.066 -771.117 1897.55
-156.232 -810.954 1858.23
-88.2679 -816.882 1749.09
-132.029 -810.336 1905.48
-1.0734 -829.882 1892.64

-9.41383 -137.336 1885.69
-20.661 -317.405 1870.86
-18.1397 -461.194 1854.63
-15.9394 -679.26 1823.44
-29.9071 -639.218 1797.46
-81.8551 -635.348 1662.08
-176.551 -560.209 1409.07
-311.333 -555.667 1216.19
-329.5 -600.718 1131.41
-399.868 -586.778 1048.5
-346.04 -589.404 1089.01
-0.81955 -647.078 1858.73
58.8272 -712.991 1958.26
138.157 -592.265 2204.76
42.7753 -500.21 2402.82
14.8064 -466.292 2498.39
-45.9578 -429.38 2579.39
-53.9067 -442.787 2412.82
-42.2328 -128.202 1799.66
-80.3515 276.223 1798.2
0.623807 654.587 1829.81
-146.97 761.332 1884.19
20.1805 -145.572 1963.26
18.1665 260.204 1962.19
96.2173 643.83 1987.55
-21.1286 706.099 1873.79
-27.4311 -761.138 1817.58
-164.683 -774.948 1904.51
-155.331 -814.143 1864.49
-90.6021 -817.643 1753.38
-129.759 -813.609 1910.97
1.00062 -830.642 1894.04

-7.92791 -136.588 1872.78
-13.3809 -316.168 1851.54
-6.54021 -458.479 1826.66
-1.09073 -678.482 1820.48
-20.7303 -642.094 1792.9
-107.397 -637.198 1676.8
-196.11 -561.592 1421.96
-334.876 -559.846 1232.07
-359.058 -606.813 1149.95
-433.331 -591.057 1070.94
-378.249 -576.534 1105.88
18.4261 -642.088 1848.79
94.2253 -678.984 1952.12
199.328 -588.8 2201.82
78.6224 -575.07 2406.68
55.301 -569.024 2509.02
15.3492 -551.63 2607.51
-1.31479 -502.079 2438.87
-61.6756 -126.144 1798.27
-79.0301 278.884 1819.66
-6.81234 659.824 1833.58
-150.876 764.961 1899.02
40.5387 -146.006 1939.96
35.2808 259.449 1945.47
94.2534 646.937 1954.62
-28.9591 685.219 1836.71
-10.1971 -760.631 1825.98
-149.854 -770.128 1909.4
-141.172 -809.001 1868.96
-74.0424 -813.386 1759.41
-116.735 -810.279 1915.99
13.4992 -832.436 1901.82

-9.89781 -135.932 1878.92
-10.2368 -317.042 1856.39
1.02657 -459.825 1828.56
9.25242 -681.48 1817.27
-11.3389 -644.416 1790.5
-97.6827 -634.96 1672.85
-209.471 -569.76 1421.52
-356.526 -546.72 1236.75
-370.428 -604.361 1158.09
-457.011 -603.134 1089.38
-384.166 -596.364 1114.88
28.802 -645.165 1846.42
106.245 -673.658 1952.68
197.515 -591.51 2213.23
118.424 -566.57 2438.74
81.9376 -582.54 2537.04
47.2963 -593.771 2639.41
19.8701 -517.536 2468.17
-70.9725 -127.115 1808.97
-77.0705 281.8 1830.7
-6.583 666.792 1831.04
-151.46 764.541 1909.67
45.1759 -143.882 1942
38.1515 265.106 1948.3
94.755 656.519 1952.59
-30.0501 680.727 1830.41
1.17652 -764.568 1821.05
-133.521 -762.447 1915.25
-129.104 -804.798 1876.97
-69.7281 -819.826 1762.66
-101.153 -803.68 1922.56
27.9924 -832.249 1900.88

0.447699 -132.433 1872.15
-1.06042 -311.971 1850.14
6.42731 -453.888 1823.39
12.0054 -673.537 1810
-12.4145 -636.631 1787.38
-113.135 -644.014 1683.42
-221.764 -573.857 1434.85
-372.351 -545.017 1256.55
-399.805 -610.513 1189.55
-474.359 -603.079 1109.61
-416.155 -607.69 1144.46
36.0009 -637.724 1835.45
132.349 -679.45 1917.64
261.294 -553.091 2138.8
150.1 -548.753 2349.34
99.8918 -575.45 2437.76
66.5157 -589.448 2539.18
72.1906 -542.691 2421.04
-67.0526 -124.187 1809.52
-77.1774 281.038 1830.74
-7.38163 662.628 1830.51
-148.667 767.717 1901.74
61.3156 -139.869 1928.63
44.6055 264.862 1946.5
94.6574 653.562 1955
-30.9241 688.299 1838.54
4.50539 -755.889 1814.65
-112.43 -763.695 1927.83
-109.516 -806.469 1890.65
-67.625 -819.753 1769.86
-75.4449 -800.772 1930.86
49.9804 -816.754 1890.11

4.39803 -131.695 1878.51
6.07181 -311.96 1855.45
16.7779 -454.195 1827.8
18.9895 -674.992 1815.24
-3.52334 -637.543 1791.08
-99.3394 -637.569 1681.42
-243.983 -581.516 1446.5
-393.411 -537.844 1268.77
-422.454 -604.714 1203.14
-504.822 -587.847 1132.1
-433.913 -593.121 1154.3
42.2871 -639.374 1842.05
135.083 -672.482 1932.83
273.88 -576.832 2164.9
183.166 -583.124 2386.22
103.164 -581.972 2455.16
42.8844 -592.262 2544.42
67.5394 -540.024 2423.95
-61.3104 -123.965 1813.31
-75.4999 283.268 1829.95
-5.16313 666.615 1831.68
-151.531 771.314 1895.2
63.6502 -138.664 1937.3
54.6251 268.447 1949.06
99.0068 659.743 1955.05
-24.2499 691.561 1834.11
9.65065 -757.56 1819.69
-102.263 -755.511 1939.14
-104.22 -799.097 1902.43
-69.2888 -817.056 1779.4
-67.6942 -795.252 1941
54.6859 -820.74 1894.22

7.6388 -131.106 1878.22
7.13436 -310.683 1855.88
17.1486 -451.945 1826.31
20.0647 -672 1818.4
-3.39321 -635.336 1794.37
-100.365 -642.377 1686.8
-253.486 -586.272 1458.82
-402.475 -537.716 1283.34
-432.995 -605.487 1219.98
-518.3 -594.792 1152
-446.688 -606.513 1177.32
44.0128 -635.868 1843.49
139.954 -669.626 1929.8
277.809 -581.872 2164.03
198.487 -581.47 2388.68
116.719 -581.51 2454.81
50.408 -593.287 2538.9
75.6937 -542.541 2421.37
-61.9463 -123.391 1817.79
-73.6021 282.187 1834.04
-8.52311 664.764 1831.86
-149.892 769.811 1903.19
70.3867 -138.064 1932.72
53.7107 266.917 1948.58
99.636 656.345 1953.77
-29.996 687.893 1840.78
11.3645 -754.142 1824.9
-94.3107 -754.217 1949
-97.4801 -797.401 1912.27
-68.3476 -814.073 1788.14
-59.3756 -793.378 1948.94
60.4212 -816.976 1896.46

12.6479 -129.421 1879.06
10.4278 -308.744 1857.72
20.3229 -449.552 1827.37
25.1427 -668.967 1815.69
1.84647 -632.143 1791.95
-93.1023 -644.791 1683.48
-261.914 -585.361 1468.47
-411.143 -533.604 1294.75
-446.617 -598.495 1231.25
-540.029 -600.197 1174.36
-459.608 -603.124 1193.2
48.3227 -633.168 1841.75
144.307 -660.442 1929.88
278.117 -587.738 2170.83
246.315 -592.3 2406.41
156.953 -588.994 2461.36
72.0079 -592.468 2527.18
112.218 -552.454 2416.99
-57.2175 -121.44 1819.27
-75.7952 283 1837.21
-6.05921 663.904 1829.73
-152.833 767.172 1891.04
75.6487 -136.618 1932.98
54.7673 267.366 1948.69
95.6761 656.576 1953.26
-35.9026 680.975 1841.29
17.0143 -751.113 1820.59
-88.5932 -752.452 1944.31
-88.6176 -797.421 1909.84
-58.0458 -818.079 1786.92
-51.0824 -788.956 1946.18
70.0005 -806.644 1895.02

13.1794 -129.331 1881.47
11.0094 -308.642 1860.39
20.5722 -449.547 1830.54
25.4337 -668.969 1820.07
1.89691 -632.306 1796.35
-94.4372 -645.831 1689.26
-268.497 -588.212 1478.07
-422.651 -538.035 1308.3
-459.015 -603.672 1246.12
-553.28 -608.181 1190.86
-473.348 -614.389 1211.72
48.8256 -633.016 1845.71
146.137 -660.149 1932.37
287.857 -589.315 2169.23
284.652 -584.141 2406.86
195.664 -587.116 2462.39
115.832 -599.489 2533.3
203.437 -552.437 2471.05
-56.9471 -121.491 1822
-75.8127 282.814 1840.51
-6.83056 663.746 1832.25
-152.783 766.198 1896.67
76.4155 -136.4 1935.1
56.022 267.494 1951.28
98.3169 656.463 1955.9
-33.2509 683.555 1844.61
17.4102 -751.072 1825.52
-82.3114 -758.746 1953.76
-82.7391 -802.715 1918.05
-57.3172 -819.102 1793.36
-43.8192 -794.233 1952.88
75.1811 -807.154 1895.82

13.1789 -129.33 1881.47
11.0086 -308.643 1860.39
20.5703 -449.547 1830.55
25.4291 -668.971 1820.08
1.8921 -632.307 1796.36
-94.4465 -645.834 1689.27
-268.522 -588.216 1478.09
-422.694 -538.041 1308.34
-459.07 -603.679 1246.16
-553.345 -608.187 1190.93
-473.421 -614.394 1211.77
48.8222 -633.017 1845.72
146.137 -660.151 1932.37
287.871 -589.32 2169.23
284.71 -584.133 2406.86
195.76 -587.189 2462.44
115.982 -599.638 2533.4
203.554 -552.572 2471.15
-56.9485 -121.491 1822
-75.8139 282.815 1840.51
-6.83182 663.747 1832.25
-152.783 766.201 1896.67
76.4158 -136.4 1935.1
56.0227 267.495 1951.28
98.3183 656.464 1955.9
-33.2506 683.561 1844.61
17.4049 -751.073 1825.53
-82.3081 -758.748 1953.78
-82.7377 -802.717 1918.06
-57.3238 -819.104 1793.37
-43.8155 -794.235 1952.89
75.1813 -807.154 1895.83

13.1789 -129.33 1881.47
11.0086 -308.643 1860.39
20.5703 -449.547 1830.55
25.4291 -668.971 1820.08
1.8921 -632.307 1796.36
-94.4465 -645.834 1689.27
-268.522 -588.216 1478.09
-422.694 -538.041 1308.34
-459.07 -603.679 1246.16
-553.345 -608.187 1190.93
-473.421 -614.394 1211.77
48.8222 -633.017 1845.72
146.137 -660.151 1932.37
287.871 -589.32 2169.23
284.71 -584.133 2406.86
195.76 -587.189 2462.44
115.982 -599.638 2533.4
203.554 -552.572 2471.15
-56.9485 -121.491 1822
-75.8139 282.815 1840.51
-6.83182 663.747 1832.25
-152.783 766.201 1896.67
76.4158 -136.4 1935.1
56.0227 267.495 1951.28
98.3183 656.464 1955.9
-33.2506 683.561 1844.61
17.4049 -751.073 1825.53
-82.3081 -758.748 1953.78
-82.7377 -802.717 1918.06
-57.3238 -819.104 1793.37
-43.8155 -794.235 1952.89
75.1813 -807.154 1895.83

13.9392 -127.71 1893.59
13.4217 -305.96 1869.41
21.6013 -446.498 1840.04
25.8634 -665.029 1828
-0.157887 -628.466 1807.3
-101.901 -656.246 1709.06
-292.155 -597.385 1514.19
-451.2 -547.992 1350.01
-505.198 -616.298 1307.06
-575.89 -607.366 1224.64
-531.816 -579.915 1242.79
51.7531 -629.257 1850.99
154.796 -666.64 1925.61
327.176 -577.958 2133.02
333.016 -561.87 2369.22
250.562 -568.284 2433.16
172.769 -576.367 2506.31
239.873 -548.442 2438.02
-56.4148 -119.553 1834.98
-72.0864 283.687 1844.21
-6.87414 663.742 1833.23
-149.241 771.188 1895.41
77.3805 -135.066 1946.45
59.3393 267.6 1957.29
100.367 655.258 1956.88
-31.8156 678.19 1846.4
18.7459 -746.875 1833.86
-65.12 -766.305 1971.11
-67.8529 -807.994 1933.17
-56.1336 -816.068 1806.15
-25.7604 -799.756 1963.82
86.0085 -803.929 1893.52

12.569 -128.692 1902.97
7.91088 -309.177 1876.58
17.1604 -450.365 1841.1
22.2153 -672.17 1832.11
-3.74347 -635.441 1809.97
-116.322 -643.315 1717.02
-315.316 -599.612 1521.13
-481.498 -563.048 1355.86
-526.854 -643.87 1322.54
-615.775 -616.792 1262.77
-566.475 -620.107 1264.17
47.8391 -635.501 1855.54
154.58 -650.095 1936.06
317.818 -588.755 2165.23
338.309 -555.145 2402.2
248.747 -567.614 2457.59
158.633 -576.07 2517.65
228.35 -543.267 2451.07
-57.3508 -118.001 1842.19
-73.0999 291.025 1851.82
-3.83951 675.872 1837.27
-158.686 770.859 1898.19
75.6188 -138.333 1957.77
64.9616 270.51 1961.76
99.0634 664.438 1958.4
-32.4254 685.836 1842.95
15.0208 -755.115 1839.04
-44.5042 -793.219 1987.41
-53.6337 -830.787 1945.19
-64.2048 -823.567 1816.17
-6.24975 -824.965 1969.28
93.0733 -817.792 1879.61

13.9492 -126.536 1901.97
8.65133 -306.613 1876.84
15.1916 -448.132 1844.03
22.652 -669.1 1833.25
-5.10144 -632.722 1813.16
-120.791 -645.961 1725.5
-325.799 -605.798 1536.44
-496.052 -572.075 1375.82
-553.476 -647.215 1349.45
-635.017 -625.834 1278.52
-576.689 -638.633 1289.8
49.1582 -632.329 1855.15
160.895 -646.892 1927.83
334.764 -595.787 2150.48
454.305 -557.015 2354.33
474.35 -607.366 2445.09
373.021 -613.644 2482.77
336.228 -581.474 2410.93
-57.5041 -116.259 1843.39
-72.0282 291.565 1851.97
0.933215 674.515 1838.04
-157.324 771.495 1883.13
78.3817 -135.803 1954.79
64.189 271.656 1959.59
99.1392 664.265 1954.82
-35.4947 683.728 1843.56
17.0713 -751.921 1840.05
-59.1091 -772.174 1983.67
-67.5806 -812.175 1943.86
-65.2892 -815.059 1814.66
-22.4776 -808.295 1972.01
84.7368 -816.987 1892.8

10.5557 -126.87 1905.77
6.43971 -307.156 1878.81
14.3095 -448.67 1844.74
22.7182 -670.183 1834.93
-5.23419 -633.923 1814.59
-124.805 -649.038 1732.01
-337.327 -610.264 1550.08
-513.66 -577.901 1395
-576.023 -650.444 1371.89
-669.958 -639.476 1314.87
-590.032 -651.409 1318.24
49.1142 -633.116 1856.74
161.631 -641.858 1929.74
350.467 -593.473 2141.44
461.422 -559.444 2351.56
480.157 -596.96 2448.88
377.889 -608.733 2483.31
344.446 -583.434 2408.07
-59.6343 -116.24 1845.39
-70.5369 292.671 1854.45
1.65406 676.832 1843.88
-159.923 769.799 1887.58
73.8492 -136.455 1960.21
70.7552 272.249 1960.16
104.733 665.874 1953.69
-28.1817 689.993 1840.62
17.4627 -753.195 1842.1
-65.7721 -779.324 1981.24
-69.0351 -819.766 1940.92
-58.7957 -822.001 1811.77
-25.9759 -812.834 1971.79
86.4015 -813.719 1898.98

12.8077 -126.738 1909.48
8.99415 -307.367 1883.23
16.586 -449.309 1850.11
25.9369 -671.154 1842.64
-2.45789 -635.206 1822.21
-123.322 -651.683 1741.46
-340.619 -615.287 1564.19
-520.929 -584.87 1412.88
-583.984 -656.659 1388.79
-677.54 -639.704 1332.34
-596.057 -656.748 1334.37
52.4441 -633.679 1863.75
166.171 -639.518 1935.47
360.297 -589.679 2142.48
478.281 -555.118 2349
503.833 -610.204 2436.01
403.137 -647.422 2452.98
396.852 -574.489 2426.3
-57.9575 -116.533 1849.52
-70.0102 292.897 1856.65
2.3639 677.43 1843.14
-161.437 763.678 1892.96
76.6198 -135.941 1963.54
71.8954 273.259 1964.8
104.612 667.502 1959.3
-29.6923 683.61 1846.1
21.1516 -754.208 1850.8
-58.9929 -778.843 1992.25
-63.6568 -819.498 1952.18
-56.6111 -822.472 1822.67
-19.7291 -812.843 1981.99
90.9474 -815.225 1906.35

16.2812 -127.036 1911.41
11.3737 -307.99 1888.08
16.1007 -450.68 1857.94
25.5308 -672.455 1850.26
-3.7677 -636.586 1831.04
-124.402 -652.966 1750
-345.717 -617.386 1577.72
-529.473 -587.665 1430.57
-589.645 -661.389 1405.1
-684.571 -639.523 1352.84
-609.245 -663.175 1356.41
52.838 -634.924 1870.19
169.194 -643.363 1937.21
362.774 -593.926 2144.72
499.188 -557.191 2339.09
547.056 -603.867 2421.44
474.765 -574.401 2345.86
441.455 -585.891 2435.71
-58.6156 -117.932 1856.55
-68.1851 291.464 1863.15
1.4647 676.193 1844.78
-158.113 768.747 1896.75
83.819 -135.245 1960.87
70.1793 273.615 1966.04
107.153 667.344 1958.59
-33.646 683.114 1853.61
21.2522 -755.488 1858.68
-58.03 -783.986 1999.85
-62.5675 -823.731 1958.88
-56.0968 -823.666 1829.34
-18.5667 -817.428 1988.63
91.7465 -817.212 1912.49

18.4903 -128.011 1914.02
15.8025 -308.895 1887.53
19.4874 -452.142 1858.69
28.4816 -674.43 1855.43
-1.21752 -638.857 1836.05
-124.875 -649.075 1758.16
-347.689 -611.155 1587.51
-532.885 -579.221 1441.98
-593.445 -652.624 1415.85
-688.978 -633.666 1363.15
-619.966 -645.217 1363.82
56.297 -636.474 1874.03
176.073 -641.498 1935.62
365.069 -593.043 2148.22
523.871 -552.475 2324.5
545.523 -606.12 2413.62
513.502 -578.228 2313.4
517.39 -608.779 2421.95
-56.2532 -118.797 1858.7
-68.0954 291.299 1860.8
1.26046 676.868 1844.55
-160.614 767.347 1894.25
85.8897 -136.32 1963.91
69.2155 273.152 1967.89
107.01 667.454 1958.6
-33.4325 686.525 1853.17
24.2649 -757.407 1865.69
-53.7845 -787.269 2007.59
-60.5841 -825.577 1965.44
-56.3214 -821.712 1835.65
-15.7911 -821.902 1994.61
93.3187 -823.568 1916.37

25.0799 -127.567 1923.8
22.757 -308.486 1897.96
26.4726 -451.806 1869.76
35.6951 -674.01 1866.82
5.5717 -638.532 1847.97
-120.433 -646.626 1773.78
-349.77 -611.96 1611.45
-540.202 -582.818 1472.37
-596.406 -660.29 1448.48
-691.181 -638.828 1395.46
-626.372 -653.881 1396.26
63.8209 -635.989 1884.76
183.122 -641.719 1947.1
387.244 -591.614 2144.66
549.796 -551.584 2317.5
583.351 -619.496 2391.95
557.309 -573.144 2297.02
552.083 -637.222 2385.91
-50.4622 -118.85 1869.55
-70.0503 290.805 1867.77
1.77985 675.409 1844.35
-158.598 768.257 1894.27
93.1995 -135.428 1972.72
67.9996 273.477 1974.79
108.196 667.234 1960.05
-33.6125 686.156 1856.55
31.8005 -756.939 1877.34
-45.8584 -776.808 2021.13
-53.4456 -817.527 1981.48
-49.8491 -821.751 1851.72
-8.45861 -812.724 2010.15
100.141 -820.839 1931.68

30.7887 -123.05 1937.56
29.3149 -303.428 1911.32
33.8071 -446.242 1882.68
43.832 -667.575 1871.86
12.6499 -631.779 1855.91
-115.621 -643.052 1786.97
-349.175 -614.478 1630.9
-543.262 -590.135 1497.13
-604.798 -661.469 1468.76
-706.928 -648.976 1428.73
-630.078 -659.919 1424.86
72.6446 -630.091 1889.46
195.205 -634.336 1944.38
403.331 -590.771 2138.16
577.717 -554.256 2298.92
615.935 -614.991 2376.85
583.927 -577.581 2280.14
572.21 -637.189 2365.54
-44.5124 -114.551 1883.37
-71.1876 293.573 1877.58
2.86626 676.28 1848.18
-159.468 767.76 1891.96
98.691 -130.714 1986.43
64.5352 276.451 1985.93
114.449 667.679 1963.72
-27.3951 684.233 1860.67
40.8987 -750.608 1879.78
-21.3567 -752.684 2031.69
-33.6837 -797.109 1997.85
-43.7864 -815.381 1870.02
14.0113 -790.484 2020.98
113.354 -809.945 1933.39

36.2486 -118.222 1949.44
36.3751 -297.728 1925.67
41.6285 -439.8 1898.41
52.6983 -659.036 1879.24
20.8391 -623.197 1866
-107.851 -644.18 1802.36
-347.009 -620.541 1657.76
-545.934 -600.332 1533.52
-606.433 -676.8 1526.88
-692.327 -652.644 1463.11
-619.274 -679.93 1463.46
81.7552 -622.213 1896.88
205.138 -634.831 1946.21
421.332 -592.478 2128.24
603.531 -556.058 2277.59
655.333 -609.196 2352.2
612.251 -577.729 2258.52
610.774 -640.24 2339.36
-42.5773 -111.912 1901.36
-75.863 292.945 1892.48
2.60542 670.815 1849.51
-157.7 767.977 1881.37
107.329 -123.911 1992.79
71.1293 280.352 1994.14
114.87 669.352 1966.85
-33.9541 694.284 1878.35
50.7021 -741.771 1884.21
25.2631 -784.308 2039.59
12.3698 -822.727 1999.78
-23.1315 -817.897 1876.2
62.2121 -811.752 2014.31
140.601 -794.989 1908.21

40.0576 -116.775 1953.49
43.8148 -295.84 1929.01
49.2869 -438.185 1904.66
59.5712 -657.21 1886.94
26.534 -621.696 1876.27
-103.392 -648.132 1817.96
-349.625 -620.325 1687.58
-554.17 -597.288 1574.18
-618.539 -670.419 1568.86
-714.894 -649.488 1521.27
-615.061 -689.689 1521.94
89.8842 -620.151 1901.45
216.811 -633.931 1939.61
437.495 -588.413 2114.6
624.013 -549.238 2257.13
676.379 -608.767 2326.05
630.255 -570.37 2236.72
645.323 -630.413 2325.14
-42.2408 -112.789 1911.69
-78.144 291.231 1907
7.80837 667.178 1867.49
-159.317 756.568 1878
114.27 -120.37 1991.18
69.4712 281.876 2010.67
121.625 667.849 1968.63
-39.7326 709.453 1916.34
58.4175 -739.753 1892.95
22.444 -754.582 2051.05
10.2348 -798.657 2017.51
-17.8867 -813.581 1893.06
59.5079 -787.028 2033.11
144.311 -790.958 1931.04

49.3586 -107.618 1945.46
55.9009 -287.871 1933.4
61.8195 -431.716 1920.76
73.2411 -650.301 1898.75
39.0511 -615.058 1891.29
-98.0795 -637.186 1850.21
-351.112 -616.041 1732.17
-561.959 -598.544 1629.85
-631.863 -666.288 1623.19
-734.184 -644.697 1590.75
-642.176 -683.913 1583.6
104.168 -613.076 1911.43
231.713 -626.858 1947.48
463.264 -589.413 2109.91
659.244 -556.058 2240.75
714.108 -612.362 2310.44
667.159 -577.022 2220.28
669.649 -642.588 2298.64
-40.625 -109.486 1924.59
-88.8278 292.259 1953.38
-25.2165 668.254 1883.56
-194.024 747.883 1918.17
130.501 -105.933 1964.29
99.7819 294.249 2020.05
119.126 681.302 1962.71
46.8701 764.509 2098.2
73.5314 -732.936 1903.49
46.6801 -720.266 2063.58
25.3025 -765.751 2037.3
-13.3847 -792.24 1917.71
76.7614 -760.569 2048.78
152.584 -792.263 1944.51

49.3515 -108.618 1950.01
55.9428 -289.812 1940.22
61.3389 -434.625 1931.7
73.6621 -653.681 1905.45
39.075 -618.324 1898.95
-100.763 -644.57 1868.53
-360.243 -621.173 1762.57
-576.634 -602.154 1670.16
-646.49 -670.881 1671.5
-742.837 -642.031 1627.01
-657.494 -687.431 1623.74
104.669 -616.372 1918.57
233.208 -630.93 1952.94
475.038 -587.063 2100.32
679.048 -549.878 2219.24
725.381 -611.37 2291.4
682.628 -573.011 2199.82
718.647 -618.943 2300.78
-41.8818 -111.027 1933.19
-99.9282 291.075 1964.23
-94.7072 676.504 1909
-239.166 761.563 1999.84
131.621 -106.446 1965.19
114.139 296.684 2018.51
101.496 685.71 1960.72
42.9155 766.982 2104.73
74.4061 -736.754 1908.69
53.2576 -722.14 2070.2
31.4932 -768.497 2045.25
-11.4158 -797.351 1927.04
83.4921 -762.395 2054.77
156.161 -794.62 1947.7

44.3966 -99.2162 1961.57
52.576 -280.336 1954.38
59.2408 -425.085 1947.64
75.8333 -642.082 1910.33
40.0643 -607.488 1907.34
-100.211 -641.972 1890.86
-367.172 -626.761 1804.3
-589.804 -614.264 1727.34
-667.432 -673.899 1730.28
-767.959 -659.171 1688.39
-673.941 -697.413 1688.1
106.492 -604.582 1923.58
232.904 -620.248 1964.37
490.644 -581.086 2082.88
707.442 -546.645 2177.09
763.077 -605.819 2244.34
713.573 -567.598 2156.26
740.988 -624.173 2248.08
-47.5029 -102.895 1949.7
-114.295 297.878 1976.15
-166.075 683.53 1973.92
-223.72 752.831 2141.78
127.267 -95.8988 1972.28
112.572 308.386 2014.24
88.7869 697.76 1964.86
50.7473 781.619 2114.03
78.9108 -725.101 1909.53
26.8829 -755.048 2061.54
18.5491 -795.865 2022.74
3.39992 -798.835 1894.73
66.0334 -785.769 2044.44
161.23 -779.963 1951.38

32.292 -97.617 1968.59
43.2732 -279.9 1964.54
52.4027 -425.521 1958.62
70.7188 -643.305 1918.08
34.2707 -608.858 1916.26
-107.339 -642.668 1901.27
-381.44 -629.538 1832.38
-610.32 -618.543 1770.07
-687.483 -679.905 1770.47
-789.326 -658.5 1732.94
-706.232 -694.602 1728.29
101.441 -605.367 1931.21
229.955 -619.843 1968.68
496.234 -581.113 2072.13
719.968 -547.041 2153.42
779.153 -594.409 2227.73
726.842 -570.452 2135.46
762.526 -610.138 2235.74
-60.1016 -102.91 1956.31
-123.768 300.615 1989.7
-175.192 688.887 1996.21
-192.409 750.327 2177.09
115.607 -92.8438 1979.66
106.9 314.108 2023.85
89.2024 705.426 1966.89
51.5551 783.996 2120.36
74.726 -726.822 1916.21
22.309 -758.358 2068.93
12.6892 -798.514 2029.2
-3.23215 -798.808 1900.38
60.836 -789.966 2050.97
156.349 -784.891 1956.92

11.3819 -97.8495 1978.99
22.3103 -280.142 1977.05
31.5113 -425.729 1970.97
46.0141 -643.753 1930.36
9.74597 -609.081 1930.56
-132.355 -642.895 1921.68
-411.848 -635.222 1878.68
-645.564 -628.874 1837.34
-723.703 -687.771 1849.27
-827.099 -658.688 1822.83
-736.059 -712.966 1814.01
77.6945 -605.972 1941.48
208.525 -623.191 1968.14
483.476 -580.285 2043.25
713.796 -543.44 2101.6
778.467 -589.126 2172.27
718.073 -567.768 2084.42
755.319 -607.683 2181.53
-81.297 -103.303 1969.32
-135.236 301.512 2003.44
-174.622 691.183 2002.65
-185.419 759.714 2181.44
94.9546 -92.932 1987.7
100.309 314.666 2025.41
87.1816 705.796 1966.38
67.6182 787.976 2121.29
49.3756 -727.289 1928.61
19.3501 -765.537 2085.76
-12.2966 -791.927 2045.94
-51.5868 -763.396 1925.6
38.6817 -804.808 2055.94
108.875 -816.519 1942.25

-5.95909 -99.0346 1985.01
4.85339 -280.941 1984.9
13.9005 -426.254 1979.83
25.7289 -643.986 1939.47
-10.2679 -609.226 1941.05
-152.412 -642.618 1940.43
-433.842 -634.957 1920.17
-669.519 -628.639 1896.92
-745.069 -687.581 1919.1
-843.568 -653.691 1882.62
-774.159 -706.685 1885.17
57.9362 -606.396 1949.12
189.875 -622.037 1968.91
469.443 -577.513 2019.65
703.26 -539.36 2057.44
773.699 -583.663 2122.94
706.145 -564.135 2040.33
747.776 -604.078 2133.9
-98.6187 -104.538 1977.39
-143.598 300.2 2014.43
-173.255 689.589 1999.73
-187.215 761.463 2176.52
77.5961 -94.0723 1991.88
93.0596 313.076 2020.87
87.7543 703.822 1963.96
81.18 782.243 2121.44
28.6423 -727.357 1937.87
25.5651 -761.716 2098.33
-10.5453 -790.678 2064.78
-69.4544 -767.851 1951.75
41.8178 -800.956 2066.89
93.6547 -813.212 1944.12

-22.9344 -103.612 1984.93
-13.4772 -286.304 1986.43
-5.19394 -432.023 1977.07
4.66423 -649.53 1930.63
-31.334 -614.688 1934.68
-175.091 -642.628 1941.11
-457.714 -640.624 1961.58
-695.276 -638.37 1972.76
-772.891 -694.529 1996.67
-868.073 -644.925 1969.16
-800.964 -708.067 1952.27
37.4314 -612.043 1939.82
170.783 -620.941 1957.82
453.71 -573.879 1991.05
689.863 -533.255 2015.29
767.578 -566.353 2079.85
696.26 -557.603 1998.01
739.251 -597.968 2088.65
-116.079 -108.487 1978.4
-154.513 298.294 2018.1
-174.746 689.679 1999.96
-188.254 772.257 2172.89
61.0587 -99.2156 1990.82
85.2625 309.221 2018.3
88.8548 700.971 1957.52
80.1395 790.627 2109.58
7.43171 -733.161 1926.81
-12.7786 -760.002 2088.12
-45.2778 -790.787 2052.2
-92.013 -773.51 1932.14
6.75888 -800.779 2060.37
71.5796 -818.693 1944.06

-56.3955 -107.81 1991.75
-47.8608 -293.992 1993.5
-40.8939 -442.657 1986.24
-37.46 -667.391 1955.77
-73.2441 -631.057 1960.41
-220.741 -647.771 1976.83
-506.592 -639.539 2016.45
-747.339 -632.14 2042.92
-796.179 -707.056 2088.99
-894.824 -670.265 2048.26
-835.636 -684.488 2153.16
-2.97643 -629.167 1959.03
134.36 -632.977 1959.91
424.638 -585.397 1957.17
666.617 -544.979 1952.39
752.217 -569.429 2014.09
672.037 -571.299 1937.41
737.701 -614.844 2020.48
-151.54 -112.187 1990.08
-170.792 303.204 2034.86
-175.163 701.638 2003.26
-182.85 752.748 2192.03
29.4008 -103.863 1993.26
73.6929 310.071 2028.55
89.6011 707.815 1960.04
75.6203 783.469 2122.85
-35.8633 -752.678 1958.34
-59.5961 -764.928 2124.08
-89.4009 -802.001 2090.07
-134.322 -799.994 1965.49
-36.1026 -807.589 2100.64
34.6033 -832.881 1986.19

-77.481 -101.786 1990.27
-76.1641 -287.576 1992.22
-75.1318 -435.988 1986.1
-68.7565 -659.974 1955.85
-104.865 -624.475 1962.32
-250.386 -642.167 1988.33
-530.916 -640.324 2052.6
-767.747 -638.376 2100.1
-811.79 -710.248 2154.43
-898.54 -652.517 2111.93
-867.395 -722.634 2163.93
-35.0407 -621.172 1957.23
101.707 -624.343 1950.19
391.465 -585.2 1927.78
632.858 -551.864 1906.47
721.304 -576.169 1963.45
636.844 -579.24 1892.08
705.139 -617.279 1974.41
-172.442 -102.456 1990.51
-185.15 311.196 2041.19
-173.821 707.556 2001.89
-186.226 769.881 2186.36
8.14943 -101.181 1990.05
58.7626 311.319 2017.36
86.9916 708.109 1954.96
75.454 777.92 2119.94
-65.2968 -744.94 1958.43
-58.5486 -739.957 2125.57
-95.8189 -777.829 2101.6
-162.653 -784.454 1987.92
-41.9982 -785.984 2102.96
4.81776 -826.522 1981.37

-88.4229 -102.549 1989.84
-93.9714 -290.44 1997.71
-98.5818 -440.545 1989.37
-95.8217 -667.333 1958.12
-131.663 -631.064 1966.59
-279.041 -637.577 1997.62
-553.033 -641.495 2096.8
-784.174 -644.355 2176.73
-825.829 -686.476 2259.21
-856.839 -648.256 2156.44
-874.918 -728.51 2165.95
-61.2898 -628.365 1957.83
76.6792 -627.024 1943.82
367.399 -583.846 1901.57
609.443 -547.316 1863.78
700.334 -586.894 1909.9
608.196 -573.955 1847.55
680.046 -619.509 1924.39
-184.528 -99.6619 1991.01
-194.638 318.199 2050.34
-176.981 718.515 2003.21
-194.367 777.019 2191.11
-1.7605 -105.152 1988.79
42.3676 314.045 2001.94
77.6235 717.643 1956.17
52.8033 772.877 2127.55
-92.9956 -753.399 1960.42
-92.0039 -727.296 2127.85
-122.931 -773.486 2108
-185.429 -803.918 1993.81
-67.8776 -773.243 2111.01
-11.3036 -821.055 1994.38

-108.993 -106.689 1985.73
-111.615 -296.649 1990.25
-114.473 -448.271 1981.15
-112.233 -678.373 1958.21
-148.273 -641.425 1966.07
-297.719 -642.598 1995.23
-557.364 -642.99 2133.89
-776.183 -643.188 2248.57
-849.785 -685.143 2306.39
-881.158 -662.468 2198
-884.953 -674.63 2173.62
-77.3772 -639.067 1955.74
61.7992 -635.611 1940.23
351.803 -589.814 1878.97
592.807 -550.685 1824.43
690.008 -581.751 1866.66
593.314 -577.952 1808.05
658.335 -622.875 1885.21
-205.931 -105.212 1991.56
-203.468 316.521 2054.59
-176.499 720.402 2007.33
-184.892 782.491 2196.79
-21.5806 -108.021 1980.47
25.3195 315.271 1988.93
60.4484 724.149 1954.6
90.3981 775.069 2128.44
-109.308 -765.157 1963.75
-92.9913 -737.958 2131.95
-130.168 -781.343 2114.91
-204.529 -806.27 2004.99
-74.7458 -786.701 2113.83
-31.7294 -841.267 1992.8

-111.638 -107.525 1979.36
-115.917 -296.082 1981.12
-120.356 -446.109 1966.67
-119.333 -674.174 1940.82
-154.721 -637.58 1950.51
-302.119 -640.027 1983.8
-543.997 -647.064 2147.51
-747.477 -652.906 2284.21
-821.817 -671.995 2351.09
-853.216 -654.11 2242.72
-859.646 -604.213 2216.18
-84.8098 -635.16 1937.52
52.5295 -632.244 1916.07
337.116 -591.491 1838.85
573.424 -556.861 1770.89
670.179 -592.835 1807.76
570.929 -584.236 1755.96
650.559 -613.851 1831.12
-207.806 -105.284 1985.64
-201.573 313.558 2046.19
-182.153 714.975 2000.38
-172.433 798.845 2179.54
-24.9189 -109.546 1973.7
6.72901 311.502 1952.14
29.5067 716.338 1900.56
68.9507 767.921 2070.82
-116.33 -760.378 1945.07
-82.5921 -753.436 2111.42
-125.609 -790.209 2094.13
-211.034 -794.972 1990.97
-71.9055 -801.257 2087.12
-46.4795 -846.417 1958.66

-111.615 -108.649 1982.35
-115.774 -297.693 1985.09
-120.95 -447.792 1967.77
-121.56 -676.394 1941.29
-156.392 -639.714 1953.15
-302.125 -642.411 1994.57
-544.319 -654.042 2158.92
-747.795 -663.782 2296.56
-825.88 -667.461 2362.19
-857.013 -657.806 2252.39
-835.277 -580.331 2225.17
-87.1789 -637.282 1936.06
48.7609 -635.404 1905.24
328.942 -590.804 1812.56
561.554 -553.372 1732.1
655.811 -601.015 1762.5
554.609 -580.169 1717.79
640.636 -616.869 1785.51
-207.798 -106.399 1991.6
-202.012 314.131 2048.15
-182.349 716.388 2000.45
-159.118 799.957 2179.09
-24.883 -110.677 1974.01
4.36933 311.327 1946.7
21.1827 716.618 1888.33
93.4704 780.737 2043.39
-118.348 -762.835 1945.16
-49.0435 -766.463 2100.71
-95.9197 -801.556 2091.16
-202.025 -798.775 2008.75
-45.2058 -813.012 2071.97
-49.4716 -850.828 1938.4

-111.317 -107.378 1977.6
-109.726 -295.276 1977.59
-112.012 -444.343 1959.16
-118.246 -669.528 1919.9
-151.393 -633.367 1935.99
-290.126 -633.924 1994.49
-535.039 -630.104 2151.71
-742.297 -626.568 2280.96
-797.105 -681.505 2346.26
-852.42 -666.886 2247.88
-868.529 -581.901 2241.23
-83.8154 -630.896 1914.75
50.0341 -629.584 1879.14
322.964 -590.206 1770.01
549.118 -556.562 1675.58
648.717 -594.621 1699.16
544.478 -583.329 1660.17
624.264 -626.13 1724.17
-205.619 -108.177 1995.75
-199.475 312.102 2029.17
-189.326 713.801 1998.87
-157.046 793.217 2176.59
-26.2811 -106.657 1961.23
-2.90126 313.128 1935.93
6.30601 716.844 1883.53
94.4364 779.226 2029.46
-116.307 -755.532 1918.58
-54.8764 -760.08 2076.22
-100.446 -795.463 2064.1
-201.864 -793.14 1977.28
-49.044 -805.925 2047.34
-46.3919 -841.934 1914.15

-103.218 -110.273 1965.3
-96.716 -296.695 1964.24
-96.3064 -444.284 1942.86
-102.708 -665.963 1894.41
-135.552 -630.767 1911.99
-274.035 -635.019 1968.07
-499.037 -637.632 2149.33
-688.285 -639.812 2300.96
-780.03 -678.371 2285.69
-866.173 -692.792 2214.02
-726.805 -636.27 2176.15
-68.5244 -627.441 1890.83
64.1113 -624.387 1854.69
331.724 -580.204 1740.21
553.326 -542.038 1641.49
653.018 -581.581 1657.3
548.384 -570.102 1621.91
625.022 -631.024 1669.71
-196.058 -113.633 1986.73
-192.03 303.957 2015.3
-187.89 703.126 1989.27
-161.299 780.333 2167.31
-19.5006 -107.242 1945.98
-2.15965 309.918 1923.31
0.713984 711.271 1875.11
78.2183 777.032 2023.93
-100.827 -751.209 1889.45
-55.5518 -728.622 2049.66
-98.498 -766.986 2039.23
-190.172 -782.292 1944.72
-45.8323 -777.804 2029.34
-29.2354 -833.757 1905.4

-90.0983 -111.384 1956.72
-80.689 -297.463 1957.82
-78.0718 -445.089 1938.15
-83.1402 -668.967 1902.63
-115.872 -633.209 1919.07
-255.936 -632.065 1970.73
-481.501 -648.656 2150
-664.441 -662.534 2308.16
-760.646 -675.67 2281.98
-855.73 -686.709 2222.21
-673.563 -614.781 2180.3
-49.5686 -630.406 1895.92
80.8162 -626.166 1852.97
339.795 -577.758 1722.36
554.324 -536.711 1610.73
650.495 -585.72 1619.32
545.087 -561.54 1594.66
631.69 -619.909 1637.98
-182.674 -115.936 1978.56
-184.774 299.845 2022.44
-188.391 698.319 1993.09
-161.332 778.652 2169.43
-6.61834 -107.279 1937.03
3.76582 309.924 1920.87
-0.0696054 711.426 1878.28
95.0389 774.777 2017.36
-80.3811 -754.233 1902.47
-40.2289 -777.579 2063.74
-83.4039 -810.447 2042
-171.967 -796.895 1944.52
-30.6903 -819.493 2031
-10.8941 -839.722 1897.12

-76.3498 -111.279 1942.53
-66.5904 -297.573 1943.92
-63.4822 -445.57 1925.74
-70.4929 -670.45 1895.43
-102.634 -634.128 1912
-238.463 -637.475 1974.33
-469.471 -646.315 2147.7
-664.626 -653.961 2291.5
-751.723 -628.081 2248.1
-840.327 -619.699 2178.49
-616.651 -643.681 2162.14
-36.9271 -632.161 1886.89
92.2594 -626.918 1840.04
349.964 -576.04 1707.04
563.046 -532.484 1592.94
664.58 -570.432 1595.16
555.927 -557.418 1576.19
645.627 -612.658 1613.62
-168.937 -115.962 1964.81
-177.506 299.957 2011.53
-188.173 699.56 1995.34
-160.339 796.194 2163.45
7.13976 -107.056 1922.43
10.7105 311.033 1914.93
0.378326 713.874 1882.42
93.9012 780.536 2021.32
-68.0857 -755.817 1897.14
-9.78293 -774.547 2053.61
-54.2051 -809.028 2037.38
-153.391 -799.912 1949.91
-2.71917 -816.978 2020.8
2.83924 -839.706 1885.8

-71.7966 -113.258 1944.9
-59.8738 -299.376 1947.18
-55.9176 -447.136 1927.57
-61.5541 -669.092 1880.45
-93.964 -634.288 1899.53
-230.191 -636.875 1960.94
-451.861 -653.524 2145.46
-637.979 -667.5 2300.25
-728.39 -638.908 2266.45
-818.128 -628.149 2198.68
-603.893 -646.603 2167.41
-28.1656 -630.109 1874.98
101.869 -621.124 1831.24
359.595 -571.362 1698
572.615 -528.621 1583.6
675.452 -561.763 1592.25
567.715 -554.057 1566.51
650.68 -604.565 1615.33
-163.956 -118.872 1968.61
-173.648 296.617 2018.01
-187.692 695.775 1996.5
-152.277 784.635 2167.4
11.308 -108.196 1923.52
13.1053 309.805 1915.71
1.25561 712.467 1882.65
86.1191 779.679 2026.7
-58.6892 -754.315 1875.77
-1.2186 -762.763 2033.39
-46.5613 -797.106 2019.66
-145.279 -791.861 1931.38
4.69558 -807.73 2003.92
9.83645 -840.761 1871.09

-66.2006 -112.795 1933.76
-52.048 -297.779 1934.03
-45.6464 -444.558 1913.7
-50.9998 -666.253 1871.34
-83.4741 -631.176 1889.04
-220.472 -640.142 1946.04
-431.67 -641.525 2140.92
-602.372 -643.194 2311.3
-700.388 -633.229 2293.4
-787.736 -627.06 2222.98
-621.758 -636.569 2178.48
-17.6007 -627.671 1865.67
113.926 -622.063 1828.63
371.011 -569.128 1698.86
583.31 -523.693 1586.96
685.658 -556.984 1593.4
577.977 -549.03 1570.15
685.132 -588.102 1600.44
-158.251 -119.807 1955.41
-169.439 292.455 2012.23
-182.148 689.735 1994.83
-144.266 787.541 2159
16.8053 -106.472 1914.25
16.2924 309.388 1912.91
1.69966 710.316 1886.69
93.3588 779.506 2024.3
-48.2845 -751.109 1868.49
7.25644 -763.648 2025.6
-38.2771 -796.761 2010.83
-135.541 -788.116 1922.26
12.6704 -807.866 1995.43
18.4798 -838.119 1862.71

-64.6985 -113.239 1929.01
-51.0628 -297.901 1929.38
-45.0488 -444.422 1909.17
-48.1606 -666.287 1869.93
-80.9172 -631.371 1887.13
-218.282 -635.522 1943.05
-430.012 -650.658 2135.93
-607.98 -663.356 2297.52
-705.206 -663.565 2274.39
-797.7 -664.596 2210.98
-615.931 -637.395 2165.01
-15.2235 -627.523 1863.72
115.269 -620.487 1824.31
369.787 -566.49 1691.24
580.215 -520.697 1577.02
684.354 -546.97 1583.68
576.158 -547.616 1562.59
694.027 -574.878 1580.79
-156.603 -119.982 1950.55
-169.023 291.632 2005.89
-181.457 688.056 1986.49
-158.983 786.25 2152.8
18.1761 -107.158 1909.58
16.1391 307.887 1907.36
1.59708 707.942 1879.76
76.4971 780.692 2025.02
-44.5895 -750.977 1868.24
16.3081 -763.139 2023.02
-28.1777 -797.872 2009.26
-128.308 -792.199 1924.09
22.568 -806.623 1992.14
25.3664 -834.873 1859.16

-63.9348 -114.401 1927.36
-50.0874 -299.399 1927.57
-44.3123 -446.236 1907.53
-46.8736 -669.29 1872.78
-79.6815 -634.09 1889.59
-218.355 -641.416 1942.62
-429.73 -645.399 2137.25
-603.803 -648.819 2304.14
-701.525 -641.459 2283.59
-790.95 -639.296 2215.59
-615.719 -638.623 2169.91
-14.0873 -630.46 1865.48
116.242 -624.548 1824.49
371.624 -568.359 1692.77
583.039 -520.939 1580.05
687.063 -548.867 1584.8
578.192 -548.081 1566.25
700.137 -573.949 1575.04
-155.506 -121.228 1950.98
-168.731 291.426 2004.27
-182.055 688.757 1989.07
-157.875 798.729 2148.04
18.6393 -108.245 1906.05
16.9241 307.593 1905.59
1.72581 708.595 1881.19
84.5521 783.243 2021.52
-42.967 -754.142 1872.8
14.3812 -757.796 2029.7
-26.3563 -796.837 2015.42
-124.251 -802.059 1927.29
25.5555 -801.139 1999.85
34.8371 -831.456 1867.35

-51.3756 -114.276 1923.76
-40.5729 -299.522 1921.57
-36.3126 -446.464 1901.58
-41.4158 -669.076 1863.95
-73.6787 -633.791 1881.66
-211.431 -635.324 1937.62
-423.857 -648.055 2130.85
-602.298 -658.721 2292.87
-698.883 -642.702 2271.72
-794.276 -624.299 2215.2
-616.93 -636.904 2162.22
-8.35786 -630.442 1856.71
121.87 -624.339 1815.29
376.351 -565.692 1682.7
586.848 -516.41 1568.91
685.299 -560.321 1572.07
577.448 -542.763 1555.79
700.825 -569.231 1560.72
-143.522 -119.906 1945.51
-162.617 291.416 2007.59
-180.78 688.422 1986.73
-158.45 786.653 2153.53
31.7166 -109.199 1904.15
23.4781 306.689 1904.72
1.7324 707.447 1879.25
93.8293 777.14 2016.38
-38.3002 -753.979 1862.8
15.3122 -754.406 2021.11
-26.405 -792.53 2007.11
-122.414 -797.376 1916.85
25.6885 -799.063 1992.93
36.959 -833.996 1861.68

-48.0657 -113.5 1918.86
-36.8837 -298.801 1916.78
-32.3951 -445.797 1896.78
-35.9167 -669.039 1862.27
-68.3946 -633.746 1879.63
-206.019 -633.834 1936.09
-418.072 -649.263 2129.71
-588.011 -663.58 2300.49
-685.747 -649.071 2283.83
-778.869 -620.603 2227.6
-606.755 -611.963 2179.04
-3.17759 -630.24 1854.36
126.66 -623.462 1811.65
379.66 -564.447 1676.15
588.848 -514.819 1559.9
688.399 -556.407 1559.38
579.619 -541.187 1547.11
702.176 -566.159 1551.62
-140.181 -119.305 1940.86
-161.303 291.922 2004.05
-181.443 689.297 1990.04
-166.122 793.174 2154.29
34.9989 -108.265 1899.02
23.8636 307.71 1902.89
1.307 708.891 1882.73
76.2097 783.162 2027.79
-32.1421 -753.959 1862.29
14.4227 -746.929 2022.74
-24.7677 -787.496 2008.22
-116.4 -799.831 1914.12
28.1761 -791.869 1996.47
46.8947 -830.177 1866.97

-41.996 -110.396 1920.8
-29.8017 -295.457 1919.96
-25.3168 -442.094 1898.49
-25.4348 -664.737 1861.5
-58.4769 -630.147 1879.05
-195.511 -644.784 1934.66
-404.325 -638.291 2131.84
-561.894 -633.519 2314.28
-660.823 -640.192 2300.53
-754.288 -632.594 2238.69
-605.049 -611.649 2189.67
6.75063 -625.425 1854.21
135.739 -621.782 1809.05
383.237 -561.315 1664.94
587.587 -510.016 1541.55
687.631 -550.035 1544.17
579.789 -535.334 1525.6
683.273 -592.658 1542.53
-133.784 -116.549 1943.65
-155.913 293.261 2012.69
-178.068 689.813 1991.55
-165.746 795.849 2154.44
40.7733 -104.848 1900.2
27.8863 310.637 1905.97
2.02435 711.243 1886.41
76.0644 783.526 2032.69
-20.4409 -749.504 1860.6
26.7236 -757.386 2020.65
-13.6711 -795.365 2003
-105.808 -797.001 1908.79
39.0306 -800.301 1990.66
56.2015 -828.085 1858.43

-35.2712 -108.269 1910.93
-24.2212 -293.548 1909.45
-21.2493 -440.096 1886.34
-21.9528 -663.359 1852.08
-54.3099 -628.689 1870.83
-190.058 -638.827 1930.74
-393.175 -633.94 2134.16
-542.311 -631.658 2323.85
-641.896 -639.359 2316.08
-734.273 -634.385 2252.21
-602.303 -611.012 2201.38
9.64296 -623.95 1842.73
134.444 -621.073 1786.71
381.065 -558.873 1641.36
584.853 -506.227 1517.22
686.995 -540.897 1518.14
578.081 -531.996 1501.73
674.321 -587.7 1528.97
-126.859 -113.923 1935
-154.487 295.451 2006.62
-181.44 692.117 1987.19
-158.071 798.765 2148.65
47.3173 -103.171 1889.23
30.8097 312.467 1898.2
1.55571 713.253 1880.48
75.3281 776.427 2031.23
-16.5362 -748.173 1851.96
35.1082 -759.456 2010.56
-3.68103 -798.912 1992.4
-98.0612 -802.023 1900.32
48.9176 -800.53 1978.63
64.1596 -822.419 1844.95

-23.2605 -110.454 1902.65
-12.8804 -296.378 1898.4
-10.213 -443.442 1875.2
-16.8662 -666.757 1836.95
-48.1395 -631.561 1857
-184.814 -631.87 1916.96
-453.883 -598.294 2015.51
-483.43 -674.62 2243.41
-482.084 -611.566 2321.7
-489.103 -636.93 2212
-415.627 -573.975 2178.33
15.5791 -627.798 1827.64
139.877 -620.821 1769.73
376.4 -557.037 1607.24
572.776 -503.622 1470.44
679.232 -521.534 1462.48
569.071 -533.103 1457.33
660.858 -576.255 1491.96
-114.782 -116.148 1928.22
-144.308 293.16 2007.52
-174.49 690.917 1986.71
-164.235 805.085 2145.19
59.2686 -105.32 1879.59
36.6487 311.388 1892.21
1.55449 713.294 1879.2
76.5327 778.864 2029.07
-13.4449 -751.955 1835.24
51.038 -762.887 1989.74
10.4053 -802.209 1974.98
-91.5242 -804.941 1890.6
61.8726 -804.41 1956.93
66.0164 -827.264 1822.13

-13.6156 -111.396 1896.58
0.704718 -295.004 1887.41
5.88216 -439.979 1861.21
5.28793 -661.682 1826.58
-25.9915 -627.613 1847.25
-159.952 -632.37 1909.4
-399.72 -608.907 2062.82
-518.147 -674.666 2260.6
-507.602 -641.507 2353.84
-516.824 -642.102 2242.55
-419.345 -589.721 2227.36
35.658 -622.195 1815.51
154.954 -620.8 1750.38
378.814 -553.635 1576.97
564.464 -497.45 1431
670.312 -512.262 1423.25
561.57 -526.591 1418.73
664.465 -559.003 1445.26
-102.928 -119.805 1925.46
-132.855 283.859 2011.29
-172.212 676.64 1987.94
-145.19 794.948 2138.82
66.921 -103.814 1870.53
41.2852 308.337 1888.23
2.51098 705.982 1880.93
77.1869 775.685 2026.88
11.4838 -745.88 1825.86
68.415 -744.151 1981.88
31.5025 -786.392 1967.74
-64.8735 -800.297 1880.07
83.293 -786.155 1952.32
95.2709 -815.651 1820.69

-4.29574 -111.579 1896.2
8.71292 -296.13 1885.86
11.6676 -441.586 1857.96
14.7832 -664.284 1822.71
-16.7282 -630.763 1844.5
-148.551 -640.38 1912.14
-409.273 -590.318 2021.22
-377.446 -626.191 2257.29
-298.207 -659.624 2308.34
-365.963 -606.156 2236.61
-295.265 -628.098 2148.72
44.0918 -623.94 1810.74
161.287 -617.518 1740.88
370.199 -550.406 1547.54
543.305 -494.626 1384.96
648.948 -505.425 1367.1
540.907 -524.662 1378.33
645.748 -533.309 1406.17
-92.8063 -119.65 1928.9
-125.675 282.673 2028.63
-173.167 675.572 1992.81
-130.435 792.362 2142.46
75.5181 -104.301 1866.71
47.2559 309.562 1887.6
2.89787 708.627 1882.35
92.5265 772.417 2023.58
22.7957 -748.74 1821.61
108.672 -755.75 1964.55
68.9744 -797.228 1955.42
-42.9869 -806.034 1886.69
117.142 -796.333 1930.36
103.506 -818.769 1796.83

-0.361299 -112.723 1890.24
13.3773 -297.512 1879.67
16.6639 -443.104 1851.24
22.0852 -665.978 1815.04
-9.41349 -632.929 1837.75
-136.826 -643.889 1913.66
-385.861 -585.063 2044.69
-431.641 -573.759 2281.33
-363.114 -615.279 2341.46
-415.409 -562.988 2256.8
-344.492 -610.285 2181.43
50.5699 -625.115 1802.5
165.056 -616.578 1728.08
362.598 -546.55 1523.44
526.613 -488.296 1351.95
631.972 -497.084 1330.59
524.642 -518.543 1345.71
627.201 -526.707 1374.88
-88.8225 -121.199 1923.42
-119.939 280.556 2028.68
-169.36 674.329 1998.27
-133.856 777.557 2159.73
79.4081 -105.081 1860.32
50.7267 309.483 1880.22
6.19476 709.202 1876.17
104.339 773.289 2011.86
31.277 -750.446 1813.43
132.363 -762.843 1946
91.3928 -803.774 1939.94
-27.7002 -809.492 1883.57
136.609 -802.391 1909.74
108.155 -820.305 1777.64

5.44538 -110.39 1879.3
15.9837 -294.633 1862.92
17.5268 -439.951 1834.33
33.0364 -662.402 1801.07
1.13291 -630.759 1824.98
-120.328 -650.219 1908.09
-352.827 -595.002 2066.98
-298.818 -602.78 2301.58
-211.625 -646.266 2324.07
-253.619 -578.182 2245.38
-263.541 -629.513 2172.01
58.4858 -620.367 1786.42
167.307 -610.426 1704.5
357.855 -537.836 1494.93
514.94 -477.855 1318.24
621.538 -481.456 1303.52
515.405 -510.125 1312.42
614.419 -530.664 1345.61
-81.1568 -118.667 1916.69
-106.705 272.264 2055.82
-164.921 662.788 2011.52
-108.815 771.802 2162.57
83.5384 -102.926 1845.59
54.7345 310.449 1873.09
9.95409 709.424 1876.61
105.606 769.386 2015.51
46.6782 -746.122 1800.14
153.784 -755.648 1927.75
110.023 -793.897 1926.97
-11.931 -795.472 1877.41
153.399 -797.899 1894.56
116.57 -823.484 1766.1

5.32256 -112.422 1877.25
21.7699 -295.046 1857.26
28.8714 -439.62 1829.12
37.2422 -661.287 1794.83
8.91761 -629.335 1822.12
-96.3381 -653.741 1922.96
-287.174 -593.557 2126.89
-202.482 -630.754 2348.12
-103.32 -631.995 2356.87
-124.133 -547.87 2286.37
-105.072 -638.152 2232.86
61.2889 -619.802 1777.32
162.697 -612.388 1687.06
344.438 -539.271 1471.72
494.752 -478.464 1290.96
600.222 -473.674 1272.43
498.987 -515.254 1281.41
596.424 -512.626 1315.23
-78.9596 -124.442 1917.73
-89.9377 268.338 2047.78
-149.885 659.269 2041.12
-72.143 755.823 2189.94
81.3235 -101.583 1840.74
54.1294 310.258 1865.02
8.24754 707.332 1866.08
121.519 769.699 1988.7
49.4549 -744.82 1792.48
164.735 -741.151 1912.05
123.113 -781.079 1916.75
-1.12895 -791.263 1876.27
164.168 -785.289 1881.84
120.251 -820.778 1758.71

6.22512 -111.957 1878.82
21.2337 -294.455 1858.05
26.7573 -438.68 1828.47
31.2429 -659.844 1791.58
4.20564 -627.879 1820.06
-96.1608 -660.654 1923.29
-280.544 -607.503 2134.63
-152.123 -620.999 2336.44
-54.0356 -632.811 2324.89
-47.2348 -559.963 2240.6
-43.7418 -605.197 2232.18
55.243 -618.504 1773.8
151.098 -611.454 1677.8
312.294 -531.584 1449.25
446.2 -465.058 1258.18
548.958 -443.178 1237.39
472.427 -521.61 1242.7
533.691 -541.851 1275.88
-77.9951 -123.501 1919.38
-81.9953 265.101 2060.75
-123.843 655.675 2104.27
-35.8198 748.448 2249.5
82.1702 -101.548 1842.25
53.4052 309.967 1863.98
4.89135 706.38 1863.73
127.176 771.658 1975.47
42.3043 -743.418 1787.96
167.403 -736.781 1896.85
126.513 -776.604 1906.08
-0.627711 -787.888 1876.81
164.365 -781.584 1867.88
110.095 -820 1750

6.69063 -113.747 1878.58
19.5271 -295.358 1858.23
21.9878 -438.381 1826.79
25.0195 -657.069 1783.58
-1.33764 -626.043 1813.18
-101.813 -676.818 1907.38
-262.769 -608.879 2130.99
-126.405 -613.017 2326.21
-28.9734 -619.89 2310.81
-50.5395 -547.975 2229.11
-25.763 -577.597 2223.28
48.8099 -615.559 1766.8
141.792 -623.873 1669.22
301.519 -518.365 1452.53
508.547 -415.104 1384.37
594.212 -469.375 1351.95
504.909 -526.832 1376.82
529.081 -529.114 1285.21
-76.6518 -124.272 1919.94
-80.7527 259.174 2068.08
-119.113 646.282 2123.1
-26.4653 739.714 2263.43
81.8441 -104.257 1841.29
52.8534 304.798 1862.86
4.49483 698.849 1863.27
129.857 768.261 1967.16
35.6139 -740.047 1777.37
170.954 -725.065 1870.57
130.725 -761.976 1888.53
1.74714 -772.333 1874.27
163.963 -772.509 1847.71
97.0139 -822.191 1742.11

4.45559 -111.122 1894.06
14.1334 -292.099 1872.4
15.6326 -435.016 1842.98
22.9005 -654.675 1810.82
-2.42006 -623.034 1840.36
-96.7551 -659.343 1946.06
-229.688 -601.151 2188.7
-113.254 -608.151 2395.35
-17.0434 -628.648 2389.96
-35.1811 -560.336 2304.95
-44.687 -590.796 2268.61
44.1635 -613.582 1790.55
127.373 -624.46 1685.37
260.362 -535.803 1445.71
420.626 -454.164 1286.35
449.261 -515.173 1204.44
431.022 -531.409 1310.32
422.561 -514.665 1180.33
-78.5863 -120.524 1935.51
-80.2781 256.018 2096.67
-120.539 643.255 2137.24
-24.9362 745.059 2268.52
79.3381 -102.643 1856.68
53.0463 305.379 1871.62
7.04799 698.197 1865.4
129.741 770.149 1969.64
35.6855 -737.221 1808.12
184.181 -739.46 1878.63
141.021 -763.112 1907.91
12.5202 -746.104 1912.42
164.188 -786.791 1865.91
72.4944 -835.091 1780.89

2.81242 -114.261 1920.04
7.74418 -292.364 1889.7
10.2159 -434.352 1863.05
16.0269 -652.194 1833.3
-6.01693 -620.687 1864.72
-82.0333 -668.31 1978.41
-188.274 -599.312 2228.06
-119.293 -555.563 2448.37
-30.8656 -588.723 2472.81
-29.1238 -547.487 2371.42
-60.9733 -586.382 2328.01
34.3722 -611.602 1810.55
104.813 -635.421 1700
222.45 -539.346 1458.56
325.376 -457.117 1260.41
390.544 -518.53 1205.51
415.645 -532.427 1309.22
391.313 -525.788 1193.43
-76.1607 -124.425 1966.87
-81.6445 259.147 2098.49
-120.63 643.498 2129.85
-21.0618 744.941 2255.6
74.026 -105.096 1877.82
52.1839 299.434 1880.37
6.53324 688.051 1863.06
127.023 768.58 1960.47
29.1184 -733.85 1830.28
179.38 -749.032 1891.03
136.734 -769.915 1922.02
11.6494 -743.627 1934.53
155.328 -793.917 1878.62
56.3513 -832.488 1799.04

-3.58009 -112.239 1936.21
-0.17742 -289.379 1903.46
1.94385 -430.822 1876.32
18.0004 -648.543 1855.98
-4.11691 -616.885 1886.95
-74.3822 -653.232 2007.72
-172.142 -573.791 2256.75
-113.754 -510.943 2474.71
-41.4925 -561.504 2515.69
-29.7059 -536.362 2410.15
-70.5717 -575.403 2365.65
32.982 -608.286 1830.66
98.3868 -628.449 1716.84
187.98 -539.874 1461.91
281.381 -455.403 1260.9
344.847 -521.793 1210.62
368.084 -533.783 1314.65
347.747 -527.609 1199.95
-82.2254 -122.403 1983.02
-82.0887 259.816 2114.81
-119.392 643.951 2133.38
-22.5894 746.797 2259.27
67.3379 -103.074 1894
48.6339 300.359 1895.08
5.78019 687.931 1874.97
130.501 768.4 1965.91
35.2563 -729.214 1855.9
178.628 -754.035 1927.76
132.606 -772.157 1955.13
9.24059 -738.05 1958.1
152.885 -797.127 1913.26
58.4275 -829.014 1826.26

-10.1719 -114.828 1965.32
-13.0208 -289.063 1918.53
-8.29109 -430.578 1891
5.7904 -648.694 1870.09
-14.2045 -616.867 1902.41
-80.2777 -639.821 2028.93
-186.101 -573.402 2278.93
-109.612 -527.335 2495.84
-24.7875 -568.195 2520.73
-27.1475 -530.07 2418.34
-71.502 -573.817 2375.05
19.2334 -608.473 1843.72
76.2564 -613.367 1723.66
156.689 -536.394 1461.56
259.94 -459.63 1261.89
302.258 -534.608 1202.03
305.046 -530.855 1309.34
332.185 -524.504 1211.7
-85.9892 -127.282 2016.32
-82.758 263.269 2123.02
-118.555 648.317 2136.38
-14.44 751.966 2256.02
58.1958 -103.597 1919.34
42.5384 300.412 1909.09
-1.17122 687.736 1878.14
129.789 772.597 1955.82
22.7914 -729.533 1869.05
168.496 -761.034 1933.77
123.065 -777.725 1963.12
1.27199 -738.76 1972.41
140.349 -802.931 1919.97
40.5382 -829.893 1837.09

-35.7255 -114.023 2016.44
-40.0877 -286.698 1960.72
-31.7286 -427.085 1925.01
-17.7913 -645.691 1896.74
-33.4124 -614.759 1932.59
-66.7606 -653.166 2068.84
4.8344 -660.387 2340.6
191.786 -671.983 2484.09
230.6 -761.033 2496.75
207.853 -759.926 2389.21
82.496 -729.915 2443.72
-8.80437 -604.424 1869.55
35.1975 -605.503 1743.21
117.654 -540.902 1476.6
227.908 -485.414 1272
211.076 -476.818 1168.23
231.731 -515.238 1267.09
206.564 -470.647 1158.5
-92.4047 -135.276 2086.73
-91.5859 268.807 2137.59
-122.218 656.812 2140.84
6.93213 738.611 2254.65
15.3847 -94.8585 1953.06
40.6983 310.3 1926.24
-9.05291 697.905 1881.64
132.931 773.798 1951.13
0.0785571 -726.663 1891.23
141.275 -740.087 1972.51
95.2308 -763.564 1996.41
-31.7289 -741.341 1991.91
120.692 -785.279 1955.07
34.9786 -823.492 1860.41

-46.2312 -106.558 2034.24
-48.4696 -277.607 1978.99
-42.6545 -415.963 1940.56
-42.1796 -626.942 1882.74
-57.3359 -600.45 1921.57
-83.2373 -656.95 2051.51
-24.7012 -663.749 2323.65
120.945 -664.355 2506.42
196.919 -724.584 2510.23
215.134 -743.399 2404.55
66.4471 -752.6 2425.25
-29.1503 -583.512 1862.27
21.9424 -588.966 1740.12
195.647 -551.836 1518.9
340.412 -520.838 1334.26
341.278 -463.82 1246.73
334.552 -554.769 1302.73
249.364 -504.044 1218.89
-102.884 -128.117 2103.28
-94.2047 273.786 2136.68
-114.151 658.63 2125.99
23.9448 743.818 2222.45
4.85523 -87.1177 1971.98
37.119 313.24 1939.72
-12.0688 696.704 1891.81
142.733 763.077 1934.16
-29.7154 -706.706 1866.71
130.207 -682.395 1873.74
109.808 -727.332 1901.04
-1.96616 -757.773 1954.86
115.059 -725.509 1848.65
6.04889 -769.072 1788.25

-53.4046 -112.998 2036.26
-55.3144 -283.339 1985.73
-48.231 -421.223 1952.32
-47.6429 -633.781 1912.63
-60.3397 -604.698 1949.73
-88.2526 -654.927 2080
-59.5697 -637.453 2353.17
116.74 -633.543 2502.37
183.846 -701.895 2507.14
210.835 -742.476 2411.19
70.9687 -744.164 2431.61
-37.14 -592.512 1888.04
-0.79101 -602.829 1762.63
59.178 -531.43 1498.15
233.941 -547.785 1343.51
230.782 -474.253 1271.08
264.168 -574.551 1275.02
154.316 -487.317 1268.86
-111.565 -132.232 2103.3
-90.7703 262.526 2051.21
-116.794 616.049 1911.4
10.6647 722.787 1996.11
-0.958867 -95.6535 1975.8
27.4933 300.616 1947.55
-64.1544 668.7 1881.29
80.2233 758.826 1903.7
-34.8958 -713.487 1902.46
123.536 -702.055 1922
98.8348 -748.223 1941.14
-16.6821 -777.392 1982.93
107.64 -739.636 1890.54
1.71061 -766.161 1819.09

-54.2395 -115.588 2029.22
-53.2989 -280.732 1979.89
-50.4171 -413.201 1942.08
-46.4801 -619.016 1901.86
-54.053 -591.523 1939.67
-42.2497 -624.623 2073.23
-7.75558 -585.638 2335.07
170.24 -568.556 2470.11
202 -648.322 2505.93
203.595 -724.618 2434.7
105.604 -691.927 2449.04
-42.2215 -578.481 1877.08
-27.0875 -588.87 1751.36
42.7096 -495.346 1505.65
210.569 -420.985 1372.3
246.064 -427.715 1278.88
307.41 -506.207 1303.46
146.656 -473.888 1280.5
-108.744 -135.679 2095.44
-106.501 235.387 1986.41
-102.651 590.779 1884.9
15.487 671.001 1996.09
-5.09052 -97.4715 1969.5
3.12389 287.986 1944.66
-112.903 637.013 1879.63
1.43181 758.023 1883.09
-32.284 -695.622 1889.3
120.082 -672.511 1870.59
104.705 -720.127 1891.1
8.67248 -760.067 1955.77
100.037 -708.418 1842.18
-14.8082 -738.983 1798.61

-56.8053 -113.381 2031.34
-56.0737 -277.789 1979.66
-54.9509 -409.348 1938.75
-50.6438 -612.528 1886.94
-57.2944 -587.267 1926.43
-40.5726 -638.047 2053.76
43.0499 -659.383 2306.37
231.731 -663.264 2427.14
254.994 -731.042 2486.45
221.403 -776.025 2398.45
117.592 -720.735 2444.49
-47.4367 -570.636 1864.36
-36.3633 -574.909 1737.88
28.2188 -476.754 1492.57
197.532 -402.277 1361.17
244.624 -422.107 1275.03
307.915 -495.448 1308.83
142.377 -472.182 1275.08
-110.868 -134.453 2097.62
-98.4078 239.516 1999.89
-89.6581 595.529 1901.01
23.3509 682.789 2012.21
-8.05488 -94.3791 1971.59
-8.58829 291.626 1956.21
-138.228 637.785 1902.78
-41.5409 773.074 1911.24
-36.2453 -688.17 1869.68
110.63 -649.951 1837.09
100.91 -701.485 1850.25
16.9024 -759.672 1917.74
89.0468 -681.864 1805.25
-28.6544 -713.541 1771.16

-65.9799 -109.482 2029.02
-65.4639 -271.052 1973.89
-59.5807 -401.238 1933.34
-69.0033 -605.627 1897.33
-70.2578 -577.589 1934.91
-53.3856 -622.122 2063.14
48.9588 -602.725 2306.2
222.295 -592.487 2444.43
253.587 -672.335 2478.13
253.555 -747.305 2406.92
137.226 -699.713 2443.9
-66.6445 -566.031 1871.66
-69.8324 -586.714 1747.57
-45.6998 -475.302 1503.43
-11.4396 -379.872 1302.85
75.6255 -401.014 1260.23
175.824 -409.079 1275.22
102.764 -449.381 1296.3
-114.584 -133.024 2097.56
-79.697 241.288 2023.87
-58.2486 594.318 1929.28
26.182 692.989 2052.86
-22.1516 -88.2532 1967.23
-34.4454 294.03 1955.06
-159.739 638.465 1904.67
-65.3758 772.383 1885.56
-59.7027 -682.183 1884.57
71.4898 -649.506 1811.32
69.8918 -695.102 1839.38
8.41836 -734.58 1936.22
47.3204 -689.543 1795.08
-70.0142 -733.612 1798.18

-67.7801 -115.975 2030.61
-74.6647 -277.078 1968.36
-59.6931 -408.87 1929.61
-66.547 -618.781 1917.97
-69.7204 -586.038 1952.22
-76.0335 -599.691 2089.9
-5.6075 -525.789 2337.41
198.635 -508.293 2429.47
236.179 -588.829 2457.9
250.962 -686.502 2423.24
155.227 -644.869 2437.95
-63.1419 -582.084 1887.47
-61.5045 -586.037 1760.13
-58.9972 -439.873 1529.8
67.9246 -309.86 1392.8
86.6629 -348.731 1302.08
115.015 -438.732 1261.04
85.7763 -419.632 1321.94
-110.703 -142.205 2103.24
-81.5647 242.855 2066.88
-66.3372 609.115 2011.86
15.3796 705.71 2142
-29.0744 -92.3228 1965.13
-50.1939 294.425 1955.2
-174.847 644.028 1904.7
-63.2193 766.043 1881.49
-56.1726 -697.182 1914.93
84.0439 -732.438 1972.68
42.8852 -765.137 1986
-78.7335 -752.164 1997.24
64.9297 -765.686 1940.4
-21.6883 -766.082 1847.6

-70.9504 -110.959 2027.9
-76.492 -276.628 1983.33
-63.7866 -410.178 1954.45
-55.5722 -618.484 1941.27
-60.2489 -586.52 1975.63
-58.4818 -585.768 2113.15
-13.0033 -507.317 2363.09
165.899 -451.298 2484.14
219.864 -521.421 2511.6
251.262 -603.373 2455.87
154.763 -590.119 2457.58
-55.6307 -581.687 1911.23
-56.935 -570.836 1785.17
-109.356 -486.261 1533.2
-121.176 -403.142 1323.39
-106.158 -442.107 1232.8
-38.1259 -518.215 1237.45
-40.4374 -498.109 1301.55
-103.4 -131.123 2106.88
-83.0569 252.823 2083.81
-82.5941 617.977 2037.27
2.84108 721.103 2157.91
-41.6889 -92.7771 1956.69
-63.8974 291.022 1941
-178.934 643.474 1910.77
-72.5997 764.361 1871.01
-39.6657 -695.35 1937.34
94.9202 -755.615 1983.78
50.3785 -783.994 1994.31
-67.2767 -757.165 2012.04
70.9307 -781.225 1948.48
-16.496 -757.922 1860.7

-85.9429 -119.141 2020.12
-85.4073 -292.218 1998.89
-71.9971 -430.19 1984.15
-68.9408 -642.307 1979.11
-69.3205 -608.33 2012.89
-60.9678 -624.327 2151.44
-20.7389 -551.044 2408.27
147.452 -474.806 2539.77
224.367 -528.898 2543.79
265.172 -573.463 2457.18
154.873 -589.531 2458.11
-71.6177 -606.221 1947.18
-83.2898 -609.913 1819.23
-131.558 -539.43 1557.62
-108.54 -464.537 1341.84
-85.9873 -501.62 1250.26
-46.8951 -576.475 1310.64
-22.5784 -530.527 1332.89
-100.614 -129.889 2107.36
-64.2654 259.705 2105.74
-94.8714 629.426 2058.73
16.8256 732.745 2160.6
-72.7137 -109.45 1941.44
-91.5251 280.397 1920.4
-189.757 645.223 1913.35
-72.8025 754.912 1861.67
-54.7101 -720.836 1976.8
93.0373 -774.092 1975.5
54.749 -807.266 1996.15
-55.1773 -791.355 2051.07
60.5068 -799.189 1946.02
-52.137 -776.099 1889.65

-85.7215 -120.866 2013.37
-85.7415 -295.208 1993.4
-73.98 -434.258 1979
-65.4464 -647.328 1967.56
-65.6887 -614.145 2002.54
-50.873 -630.787 2141.37
-8.57719 -537.715 2393.22
150.757 -451.885 2532.12
223.537 -509.106 2552.11
259.792 -562.275 2467.52
154.452 -576.585 2466.02
-70.0758 -610.194 1936.61
-82.9994 -613.581 1807.94
-142.142 -539.068 1547.84
-109.502 -459.272 1333.5
-88.727 -490.473 1238.66
-72.2521 -553.994 1319.95
-30.6717 -533.997 1319.75
-97.1152 -130.987 2101.75
-62.0277 258.118 2150.98
-129.274 628.386 2152.07
10.2037 741.441 2193.53
-75.4473 -111.739 1933.67
-93.9562 280.779 1916.02
-190.787 648.518 1913.13
-71.6615 754.691 1855.87
-49.1296 -725.838 1962.48
101.99 -768.307 1944.02
73.8958 -792.546 1984.69
-23.636 -761.315 2055.83
67.6525 -804.801 1935.14
-57.2789 -811.452 1904.21

-80.2457 -126.654 2005.64
-73.7098 -302.027 1986.34
-68.6778 -442.24 1970.94
-62.9968 -656.745 1960.17
-59.5977 -623.142 1994.98
-29.3685 -634.941 2132.68
3.12383 -528.493 2382.48
166.253 -430.1 2510.51
229.65 -489.267 2550.02
253.992 -561.109 2474.64
156.497 -565.455 2471.24
-70.3056 -619.538 1929.35
-96.4489 -624.056 1801.94
-168.86 -538.148 1546.95
-104.608 -464.662 1336.01
-93.2392 -480.227 1235.23
-99.2674 -552.266 1311.53
-54.2978 -552.736 1282.59
-69.8923 -136.075 2094.78
-26.5811 257.598 2104.91
-109.579 626.789 2092.05
26.537 739.682 2147.71
-89.5819 -118.158 1925.26
-107.982 276.774 1907.65
-190.965 650.21 1914.54
-72.6465 755.36 1850.99
-47.7957 -735.907 1954.06
101.983 -788.933 1960.54
64.5612 -815.07 1991.92
-44.0017 -783.332 2046.2
67.8267 -821.499 1940.69
-49.0733 -814.387 1885.05

-79.8577 -124.977 1997.99
-70.1311 -299.975 1976.74
-61.4701 -439.802 1959.58
-55.6071 -654.246 1947.79
-50.3833 -620.739 1982.47
-12.0568 -628.818 2118.41
29.2141 -519.196 2365.52
192.194 -415.931 2489.84
240.743 -471.923 2549.74
250.614 -554.3 2482.28
160.999 -551.702 2475.34
-64.7725 -616.973 1917.56
-99.947 -612.499 1792.34
-171.781 -522.655 1538.55
-108.652 -461.62 1323.34
-102.142 -478.231 1222.3
-109.029 -563.977 1282.7
-65.5892 -556.253 1279.86
-61.0245 -134.58 2085.71
-25.822 259.98 2091.62
-109.214 629.274 2087.23
25.2234 740.403 2150.05
-96.8405 -116.318 1918.89
-107.708 278.955 1902.91
-186.23 652.987 1920.75
-75.7154 764.364 1853.85
-40.4796 -733.327 1940.58
106.943 -792.366 1948.8
68.4886 -815.895 1980.98
-38.5897 -777.912 2034.18
71.4303 -824.083 1929.98
-45.121 -813.84 1874.1

-78.5204 -127.245 1997.59
-64.8157 -300.079 1970.4
-57.0212 -438.583 1949.42
-49.4227 -650.849 1927.18
-43.0014 -619.159 1962.94
7.17624 -624.576 2094.2
50.5523 -509.953 2336.84
217.684 -406.19 2452.39
250.072 -452.087 2528.66
250.696 -548.803 2484.58
167.707 -536.091 2475.16
-60.3187 -612.529 1899.4
-103.466 -602.868 1777.82
-175.409 -494.762 1533.17
-91.2147 -452.165 1322.28
-108.956 -487.597 1228.3
-128.852 -555.823 1304.88
-86.1226 -544.733 1259.08
-56.5026 -139.052 2083.73
-37.4029 254.256 2088.87
-105.627 624.373 2087.53
24.5176 739.224 2149.43
-98.3749 -116.599 1919.91
-111.617 276.218 1903.53
-182.671 649.67 1914.66
-67.8475 754.494 1847.02
-33.8794 -728.822 1915.54
115.095 -777.346 1894.62
87.8187 -797.931 1937.79
-5.9937 -758.913 2010.1
79.3534 -813.202 1889.42
-46.8029 -817.77 1863.44

-72.0767 -125.603 1982.28
-61.9361 -299.196 1958.98
-55.4796 -438.131 1940.87
-48.2258 -650.738 1922.77
-40.3033 -618.297 1957.53
14.5939 -623.197 2086.85
68.0322 -498.954 2322.56
235.256 -389.776 2432.74
269.143 -432.932 2509.91
274.625 -534.103 2477.89
179.147 -514.435 2471.49
-60.4775 -613.047 1894.72
-108.335 -608.158 1774.67
-180.192 -498.733 1530.68
-105.16 -458.218 1316.02
-126.105 -475.425 1217.73
-146.93 -548.035 1289.87
-106.718 -536.032 1235.67
-44.3642 -135.355 2067
-34.4161 258.026 2078.87
-114.609 625.484 2089.02
19.5679 739.188 2143.86
-97.0663 -116.809 1905.89
-114.637 275.897 1894.53
-178.84 650.252 1911.52
-68.9972 762.415 1847.62
-32.9819 -728.881 1912.08
113.228 -782.217 1884.73
87.0335 -802.278 1928.79
-2.36253 -760.818 2005.15
76.1068 -816.774 1880.68
-51.0392 -816.798 1859.83

-72.351 -129.18 1974.66
-62.7624 -302.785 1945.42
-58.8065 -441.948 1923.37
-47.7321 -655.693 1908.33
-39.9018 -622.411 1942.64
17.2691 -623.66 2071.83
76.8613 -494.182 2304.78
245.143 -380.908 2411.51
280.913 -422.818 2489.1
292.945 -527.299 2470.59
187.394 -500.659 2466.49
-61.1507 -618.493 1879.74
-112.506 -611.558 1760.55
-186.292 -516.086 1509.8
-119.749 -491.946 1288.74
-138.661 -486.459 1188.19
-147.319 -540.13 1277.98
-105.165 -528.728 1194.82
-40.9862 -141.527 2058.23
-20.5691 253.405 2070.2
-105.442 621.575 2084.82
19.9904 741.648 2149.06
-100.634 -118.045 1899.3
-114.039 276.818 1889.43
-180.295 652.369 1913.14
-68.0079 762.32 1847.43
-31.0816 -734.081 1898.57
116.852 -787.602 1876.89
88.66 -808.099 1919.84
-4.3262 -766.975 1993.04
79.7299 -822.258 1870.96
-47.043 -821.981 1844.6

-67.2287 -128.97 1967.89
-58.9597 -301.538 1937.32
-54.8977 -439.782 1913.96
-52.29 -652.912 1901.53
-41.4883 -619.668 1934.72
21.316 -623.727 2060.43
82.1761 -494.734 2291.76
253.262 -379.688 2389.33
292.91 -419.813 2465.4
312.88 -524.158 2463.1
195.521 -489.22 2461.5
-65.8333 -615.797 1873.3
-123.856 -617.505 1757.73
-208.105 -529.544 1509.05
-141.002 -488.901 1291.8
-174.247 -505.548 1196.86
-156.253 -541.753 1293.17
-130.489 -537.28 1203.37
-31.7531 -141.683 2049.26
-21.6336 251.482 2067.16
-107.873 616.856 2092.34
18.7045 739.426 2146.17
-99.2186 -117.506 1894.52
-117.552 275.323 1890.4
-178.699 649.772 1915.16
-72.9465 763.899 1847.9
-39.0608 -731.584 1892.09
106.026 -787.195 1863.28
76.9621 -812.178 1902.79
-14.2467 -778.07 1980.64
67.7757 -819.023 1852.67
-58.1277 -810.06 1826.78

-70.5179 -131.039 1955.51
-62.6727 -303.864 1924.58
-58.8955 -442.304 1900.9
-54.7523 -655.742 1887.97
-43.5158 -622.413 1921.05
13.1492 -621.078 2049.96
-14.3937 -477.846 2279.81
63.5778 -324.595 2430.27
152.018 -335.139 2462.91
253.225 -361.707 2443.38
157.128 -436.173 2433.77
-69.2219 -618.628 1860.06
-130.619 -622.146 1746.04
-237.162 -540.235 1503.4
-200.316 -492.136 1280.1
-252.823 -512.409 1194.87
-213.563 -565.009 1276.35
-216.992 -532.538 1185.56
-34.9609 -144.003 2036.97
-22.2053 249.671 2056.6
-106.461 616.242 2080.6
17.2646 738.336 2142.59
-102.581 -119.348 1882.06
-117.76 274.292 1879.06
-179.07 649.187 1906.42
-67.6686 763.307 1848.15
-41.041 -734.415 1878.08
101.456 -797.304 1849.85
72.6522 -818.202 1891.97
-15.2583 -774.983 1969.42
61.8028 -828.51 1842.69
-64.6255 -817.022 1819.39

-72.2586 -133.097 1947.99
-64.9379 -306.465 1916.79
-62.3283 -445.402 1893.21
-59.8372 -659.558 1880.45
-47.4722 -626.15 1913.27
20.3138 -634.822 2036.91
51.6951 -530.315 2287.25
163.022 -407.333 2445.42
256.433 -389.245 2443.83
353.424 -401.305 2400.82
196.702 -532.205 2446.08
-74.8708 -622.273 1852.79
-139.902 -626.464 1740.35
-263.602 -544.78 1504.87
-227.644 -493.858 1281.29
-278.509 -524.234 1197.69
-239.292 -579.91 1277.56
-266.655 -525.239 1185.76
-36.5025 -146.282 2029.64
-21.8701 248.361 2053.31
-104.439 616.424 2079.13
15.5399 738.86 2149.05
-104.501 -121.207 1874.36
-116.39 273.811 1873.94
-178.112 649.478 1906.23
-68.7219 768.276 1852.06
-46.839 -738.577 1870.27
97.7015 -803.756 1861.53
63.9506 -822.48 1901.15
-32.0343 -774.908 1966.1
58.6569 -835.154 1851.34
-64.5503 -824.082 1813.1

-72.9178 -130.712 1929.89
-65.3142 -302.91 1896.76
-62.3117 -440.922 1871.58
-66.327 -654.019 1857.56
-52.8116 -621.351 1890.36
16.9656 -631.809 2012.02
92.2812 -607.338 2272.1
152.635 -587.76 2491.29
152.568 -663.73 2547.89
176.814 -630.375 2449.91
80.2508 -652.407 2411.18
-80.3481 -616.295 1830.36
-143.001 -620.285 1717.22
-291.912 -547.384 1495.3
-283.128 -485.644 1272.8
-335.983 -522.895 1193.91
-281.626 -567.584 1271.15
-304.417 -533.156 1181.42
-36.695 -144.675 2010.77
-19.047 247.739 2039.55
-101.568 613.63 2071.18
16.4013 737.292 2140.18
-105.581 -118.121 1856.97
-114.079 275.168 1863.79
-177.485 647.622 1907.85
-75.974 771.758 1852.7
-55.8241 -732.975 1846.86
87.6631 -798.799 1838.4
54.9749 -815.062 1879.62
-38.8839 -763.775 1943.78
48.4828 -830.43 1830.96
-75.0293 -821.099 1795.27

-74.3923 -128.191 1917.57
-62.7231 -300.06 1879.15
-59.3338 -438.717 1853.21
-72.4042 -652.956 1845.3
-56.2514 -619.822 1876.81
9.21297 -619.969 2002.17
108.909 -573.551 2252.46
203.268 -531.154 2457.28
206.881 -588.295 2533.41
233.112 -619.211 2434.5
114.452 -626.386 2428.18
-86.0414 -615.221 1817.45
-139.092 -599.407 1699.71
-247.57 -527.572 1453.4
-339.12 -467.72 1248.39
-378.348 -536.651 1183.35
-321.746 -564.167 1267.49
-330.242 -543.334 1178.84
-16.7933 -139.59 1986.05
-8.49304 256.117 2000.37
-105.476 616.673 2062.5
10.9009 738.841 2139.19
-126.332 -117.912 1855.82
-126.013 277.677 1861.3
-177.325 652.518 1917.49
-73.9666 768.284 1846.83
-65.4232 -732.973 1836.39
76.9857 -796.157 1804.78
51.3192 -813.462 1850.7
-32.7733 -764.265 1929.67
37.5142 -828.706 1803.24
-90.9242 -821.6 1787.29

-72.7271 -123.524 1896.9
-65.1014 -296.513 1864.01
-65.2661 -435.91 1843.44
-76.1727 -649.901 1833.79
-58.3998 -616.966 1864.51
17.8848 -624.661 1983.12
136.574 -596.215 2227.33
259.864 -564.232 2417.8
251.332 -559.046 2512.41
271.488 -615.858 2424.3
154.965 -639.966 2457.29
-92.0708 -612.083 1807.4
-154.359 -605.354 1693.57
-269.871 -529.672 1452.1
-368.084 -466.616 1251.55
-409.462 -533.292 1185.72
-362.102 -489.662 1268.56
-365.2 -541.987 1180.53
-11.3768 -133.225 1962.14
3.84435 261.915 1969.7
-104.25 612.418 2060.99
10.5735 736.842 2135.74
-128.049 -114.777 1838.07
-124.044 280.21 1845.64
-170.406 653.738 1910.59
-64.3912 764.906 1837.12
-68.8218 -729.6 1823.46
69.6587 -793.293 1779.1
46.7087 -812.692 1825.52
-30.8876 -766.645 1912.37
29.5436 -824.96 1778.37
-99.3025 -814.723 1771.39

-83.1504 -120.596 1903.04
-70.5905 -294.057 1868.88
-65.9236 -433.706 1845.36
-75.0552 -648.688 1830.56
-57.1471 -616.16 1862.06
18.074 -627.045 1982.03
137.411 -595.425 2227.24
281.984 -557.116 2402.52
284.242 -547.488 2497.67
294.16 -615.673 2415.35
179.026 -628.5 2454.72
-91.6723 -610.18 1805.12
-160.674 -605.119 1694.3
-287.954 -528.546 1457.27
-396.27 -464.831 1260.66
-441.193 -528.17 1192.99
-389.419 -488.91 1276.13
-404.054 -536.212 1183.35
-30.0718 -131.059 1975.69
-6.92922 263.847 2016.8
-109.93 627.399 2057.92
13.4755 739.85 2140.16
-131.014 -111.161 1837.52
-125.905 286.055 1842.98
-181.105 660.698 1907.18
-69.6821 767.776 1833.42
-67.0542 -728.487 1818.16
69.3479 -793.906 1767.18
46.5138 -815.43 1813.09
-28.4891 -772.046 1904.49
28.0414 -824.441 1765.38
-101.25 -809.911 1761.51

-79.6441 -121.732 1898.29
-72.7226 -298.037 1866.52
-72.7375 -439.877 1845.94
-73.0793 -657.777 1835.15
-54.1665 -623.495 1865.03
26.9006 -628.012 1983.54
184.875 -607.29 2210.98
334.362 -586.016 2388.52
327.594 -535.898 2471.02
337.479 -618.651 2401.42
219.794 -618.982 2458.14
-93.5299 -620.114 1810.15
-168.991 -614.443 1701.8
-312.604 -538.735 1470.06
-433.744 -475.528 1277.62
-482.173 -519.376 1196.45
-435.388 -502.469 1290.88
-434.973 -540.114 1195.68
-18.9827 -131.598 1966.25
11.6305 266.01 2019.27
-70.6652 635.446 2086.8
72.1521 753.115 2121.41
-134.345 -112.836 1837.01
-130.404 289 1839.21
-188.299 664.894 1918.55
-75.3328 772.181 1842.86
-62.2499 -738.28 1823.31
72.0281 -795.498 1754.24
53.8174 -821.747 1800.54
-14.3451 -788.083 1902.76
31.032 -827.465 1753.54
-99.8828 -816.73 1762.54

-73.9684 -121.872 1890.48
-68.3348 -297.365 1859.37
-66.454 -438.18 1837.22
-73.7844 -654.896 1828.91
-52.1188 -621.103 1857
36.6302 -630.419 1968.59
186.716 -603.338 2198.87
348.98 -576.644 2362.27
353.987 -531.839 2447.31
355.621 -623.839 2390.76
243.489 -609.623 2446.37
-94.5831 -617.074 1804.99
-173.574 -608.635 1700.26
-319.713 -537.068 1470.64
-443.022 -477.144 1280.07
-502.648 -523.911 1209.38
-444.04 -502.617 1295.3
-453.258 -548.083 1206.04
-7.7789 -130.741 1952.5
27.326 263.316 2012.49
-15.5289 633.654 2097.65
129.94 744.278 2056.87
-133.654 -113.873 1834.56
-123.18 285.69 1831.84
-164.156 660.344 1917.21
-68.2471 769.759 1824.96
-66.1245 -735.357 1817.35
72.5355 -786.861 1754.76
51.2707 -816.293 1797.33
-24.0667 -790.443 1895.87
32.151 -818.595 1748.74
-98.4423 -808.835 1748.8

-61.0582 -122.2 1899.37
-59.2848 -298.309 1867.15
-60.4914 -439.639 1844.51
-62.7521 -657.337 1835.92
-40.4509 -622.91 1863.06
52.5064 -639.424 1971.08
208.798 -595.361 2195.9
374.072 -550.037 2353.41
384.466 -526.526 2446.56
392.364 -613.965 2382.91
272.806 -599.094 2433.34
-85.7929 -619.866 1813.1
-173.037 -614.869 1714.2
-330.345 -541.158 1491.33
-462.418 -479.517 1306.09
-525.291 -531.06 1241.15
-461.946 -504.089 1322.52
-476.038 -557.143 1237.16
9.46712 -132.006 1956.85
43.8028 264.4 2012.49
47.3384 640.736 2088.55
172.736 744.046 1993.95
-124.654 -113.357 1847.54
-124.522 287.775 1834.91
-166.713 663.133 1923.63
-69.9893 775.618 1834.68
-53.6205 -737.882 1823.69
89.2262 -797.563 1778.54
63.456 -822.68 1821.67
-19.9083 -786.419 1910.67
48.5691 -829.14 1771.77
-81.7584 -817.11 1759.16

-57.2495 -119.652 1901.58
-55.3609 -295.032 1869.72
-56.5854 -435.797 1847.52
-57.805 -652.585 1839.82
-35.3676 -618.086 1866.37
61.2262 -638.413 1969.61
231.313 -619.521 2186.3
390.79 -599.828 2353.29
414.418 -658.528 2425.77
390.422 -628.549 2324.86
297.824 -657.38 2426.79
-81.296 -615.489 1817.33
-170.81 -612.1 1721.19
-338.796 -542.085 1506.64
-481.599 -483.341 1329.92
-549.233 -543.321 1279.32
-474.903 -507.112 1345.85
-499.872 -572.631 1270.73
13.063 -129.274 1958.71
50.9342 265.296 2012.44
63.2811 640.78 2083.16
175.861 745.156 1976.06
-120.653 -110.976 1850.06
-122.819 288.403 1837.65
-165.239 662.134 1925.72
-71.6676 774.914 1835.25
-48.4733 -732.776 1827.81
90.4698 -795.465 1777.38
68.2128 -816.972 1823.96
-8.29764 -773.96 1915.29
49.8241 -827.385 1776.18
-80.5867 -816.589 1772.32

-25.6284 -112.514 1914.52
-24.2856 -287.483 1886.39
-27.0419 -428.202 1870.15
-20.4052 -643.709 1865.3
3.76387 -608.113 1888.09
108.622 -623.144 1982.66
301.039 -616.976 2178.35
476.714 -608.281 2327.16
510.075 -649.841 2406.59
477.383 -622.744 2308.01
438.661 -661.642 2440.15
-48.0012 -608.163 1845.79
-150.157 -613.708 1764.55
-334.157 -551.112 1563.41
-488.821 -499.038 1396.67
-571.221 -555.044 1370.57
-474.79 -524.22 1400.28
-538.691 -565.109 1331.91
51.7913 -119.399 1961.03
80.6755 274.734 2005.44
75.254 646.332 2084.99
175.207 751.601 1968.54
-95.4411 -106.307 1872.58
-116.731 289.55 1847.07
-170.206 661.799 1924.97
-77.1515 773.378 1834.38
-9.51963 -723.203 1853.19
112.447 -799.246 1783.76
98.8775 -814.912 1835.35
44.7119 -759.168 1934.43
71.0068 -828.029 1793.54
-56.0808 -808.535 1813.74

